BURST_NUMBER,ORIENTATION,START_TIME,Gate0,Gate1,Gate2,Gate3,Gate4,Gate5,Gate6,Gate7,Gate8,Gate9,Gate10,Gate11,Gate12,Gate13,Gate14,Gate15,Gate16,Gate17,Gate18,Gate19,Gate20,Gate21,Gate22,Gate23,Gate24,
1,R,70.6,0.0,0.05824,0.178679,0.233773,0.332382,0.549655,0.717424,1.156645,1.825744,2.352346,2.976076,3.482253,3.923432,4.532019,5.135759,6.754897,8.212544,10.355654,12.472104,13.708591,14.663887,17.941302,NA,11.82185,22.076182,
2,L,144.6,0.0,NA,0.134722,NA,0.31229,NA,NA,0.917768,1.115572,1.398223,1.838127,1.953559,2.28551,2.718858,2.923573,3.282951,NA,3.996686,4.315137,5.262415,8.535568,10.546554,11.140965,12.322994,16.076571,
3,R,211.1,0.0,0.165223,0.263741,0.326897,0.45054,0.550488,0.66551,0.80545,NA,0.990488,1.089997,1.226614,NA,NA,NA,NA,NA,NA,NA,NA,2.399022,2.525712,2.543041,NA,2.673229,
4,L,281.4,0.0,1.484767,1.669827,NA,1.963751,2.180348,2.36233,2.478914,2.580762,2.729647,2.838901,2.931804,3.02776,3.109028,3.251818,3.554713,3.727405,3.994867,4.198548,4.369162,4.518921,4.634194,4.630458,4.72071,4.767548,
5,R,343.3,0.0,0.184011,0.247145,0.275246,0.3142,0.562048,0.832456,1.233937,1.387761,2.343718,4.521089,5.566947,6.368634,6.880767,7.712844,8.404423,10.23755,13.113698,17.051455,18.84787,21.061807,22.68911,22.771217,23.770789,24.206686,
6,L,447.6,0.0,NA,NA,NA,NA,NA,NA,NA,NA,NA,NA,NA,NA,NA,NA,NA,NA,NA,NA,NA,NA,NA,NA,NA,1.357371,
7,R,481.0,0.0,0.413531,0.551156,0.673867,0.919263,1.281225,1.672527,2.026127,2.350136,2.732381,4.59782,22.878136,24.36083,28.707064,NA,NA,NA,NA,NA,NA,29.371655,29.42583,NA,29.300404,29.275785,
8,L,552.2,0.0,NA,0.531758,NA,1.555931,2.887232,10.989484,12.629825,14.416597,15.781362,17.84635,18.656233,20.790088,22.020523,23.021328,29.419013,30.11677,32.645878,34.068976,35.847916,37.189956,39.336746,40.16461,42.969209,43.501799,
9,R,620.5,0.0,0.395379,0.449662,0.484577,0.534911,0.714758,0.920773,1.063467,NA,1.535246,1.645811,1.83179,NA,NA,NA,NA,2.367676,2.473125,2.595948,2.756675,2.872768,NA,3.002445,3.095613,3.111016,
10,L,695.3,0.0,0.012253,0.078614,0.140792,0.258337,NA,NA,NA,1.122004,NA,NA,NA,NA,NA,1.719578,NA,NA,NA,2.145361,2.230851,2.312411,2.400007,2.412282,NA,2.506654,
11,R,755.3,0.0,0.323012,0.523108,0.660478,0.735437,0.884051,1.06516,1.221649,NA,1.525941,1.650001,2.071701,3.683391,7.066448,7.617323,8.003531,9.217858,10.524434,11.649759,13.729977,14.807017,16.64455,16.844974,18.722456,19.015909,
12,L,805.9,0.0,NA,0.256107,NA,0.404251,NA,NA,NA,NA,NA,NA,NA,NA,1.397904,1.46612,NA,NA,1.783516,1.877486,2.015383,2.157,2.38764,2.534488,5.656217,6.586772,
13,R,879.5,0.0,NA,0.911634,1.038039,1.125548,1.343161,1.574779,2.084899,NA,3.517001,4.161581,5.491444,8.958956,9.932262,11.131853,11.962031,12.56785,13.278747,15.620686,17.71719,19.304995,21.524072,21.865273,22.149396,23.516193,
14,L,948.7,0.0,0.010471,0.123988,0.328348,0.380791,NA,NA,NA,NA,NA,NA,NA,NA,1.554141,1.677462,1.814398,NA,2.493834,8.741836,13.269981,14.853529,15.319714,16.100812,17.620829,18.52342,
15,R,1020.5,0.0,0.437549,0.521238,0.609035,0.804132,1.32943,1.538893,NA,NA,NA,2.032593,NA,NA,NA,NA,NA,2.766225,3.22424,8.573666,9.597015,10.737091,11.206795,12.407861,13.643701,14.105733,
START_TIME,1585625520.0,
END_TIME,1585626582.0,
TOTAL_TIME,1061.9