BURST_NUMBER,ORIENTATION,START_TIME,Gate0,Gate1,Gate2,Gate3,Gate4,Gate5,Gate6,Gate7,Gate8,Gate9,Gate10,Gate11,Gate12,Gate13,Gate14,Gate15,Gate16,Gate17,Gate18,Gate19,Gate20,Gate21,Gate22,Gate23,Gate24,
1,R,16.9,0.0,0.115976,0.239874,NA,NA,0.736256,1.002714,1.311236,NA,2.052133,2.953592,3.677267,4.41662,5.046791,7.856567,8.195902,9.011008,10.106438,NA,14.189424,14.742753,17.099998,17.38104,17.640582,17.703023,
2,L,99.5,0.0,12.714727,NA,NA,NA,NA,NA,8.035743,NA,NA,NA,NA,NA,NA,NA,NA,NA,NA,NA,NA,NA,NA,NA,-4.977249,13.521317,
3,L,164.3,0.0,NA,NA,NA,1.067504,1.323358,1.591359,1.887652,NA,9.482119,9.959945,11.414542,12.200409,12.539448,13.018397,13.41516,14.051627,NA,15.516935,15.98419,17.063584,17.744848,NA,-1.601411,18.950018,
4,R,238.6,0.0,NA,0.359988,0.442759,0.694211,0.984027,3.995239,11.218112,NA,NA,NA,NA,NA,NA,28.256987,NA,NA,NA,NA,31.069882,31.101671,31.124487,31.158841,32.617949,32.603416,
5,R,315.3,0.0,NA,0.39478,NA,1.211617,2.443134,3.974839,9.593622,10.835427,13.248371,13.697483,14.26058,16.858684,18.426564,20.095291,21.368141,21.605942,22.385885,22.895681,25.443028,25.87047,26.31382,27.453201,28.962963,29.721674,
6,L,387.3,0.0,0.056114,0.267751,NA,0.547897,7.143833,8.430724,NA,9.512275,9.699739,9.904181,10.11776,10.263154,NA,10.746678,NA,NA,NA,13.820573,22.656665,NA,NA,NA,NA,23.446942,
7,R,456.9,0.0,NA,0.450198,0.563452,0.753937,1.594515,5.992087,8.267574,NA,NA,NA,NA,NA,NA,13.762904,NA,15.078716,15.118539,NA,NA,NA,NA,NA,NA,14.710554,
8,R,527.8,0.0,NA,0.660312,0.738269,0.847752,1.084678,1.622321,NA,NA,2.646018,3.00022,NA,3.955456,NA,NA,7.834923,9.868072,13.673529,14.299123,16.275308,17.040129,17.455179,17.581452,19.979591,20.485122,
9,L,598.2,0.0,0.051743,0.126374,0.153623,0.217775,NA,0.650867,0.788198,NA,NA,NA,NA,NA,NA,NA,NA,NA,NA,NA,NA,NA,NA,NA,NA,-0.360526,
10,R,737.6,0.0,NA,NA,NA,0.95357,NA,8.088101,NA,NA,NA,NA,NA,NA,NA,NA,NA,NA,NA,NA,16.802576,16.834003,16.90361,16.913826,16.980276,17.015156,
11,R,803.4,0.0,0.047567,0.16735,0.275126,0.525319,1.045992,NA,NA,NA,4.11197,4.721777,NA,6.289303,6.862346,NA,11.002965,12.772456,14.025932,16.103078,17.627569,18.277396,18.694896,18.72926,18.974604,19.321042,
12,L,875.9,0.0,NA,0.241648,0.351275,0.535171,0.857139,NA,1.370419,2.53501,3.122744,6.068341,NA,10.683434,NA,11.470203,14.387381,14.928535,15.435507,15.982377,16.617427,17.407325,18.086276,18.406452,18.96633,20.295861,
13,R,948.2,0.0,NA,0.14474,NA,NA,NA,NA,7.55499,8.961044,9.932203,11.203815,NA,NA,NA,NA,NA,NA,NA,NA,NA,NA,18.799769,NA,18.758654,18.732655,
14,R,1020.2,0.0,0.032971,0.213808,0.278892,0.873532,1.681407,2.73862,NA,4.890325,6.14907,7.399894,11.517747,12.401341,14.711172,16.588164,17.317485,17.96372,20.47739,22.466982,23.814983,25.402768,26.177597,26.493682,29.167638,29.551209,
15,L,1104.7,0.0,0.045558,0.107237,0.189649,0.296134,NA,NA,NA,1.556798,NA,NA,2.697883,3.081108,3.637783,3.956061,4.289453,5.036039,6.860801,NA,NA,8.111515,8.121689,8.154734,8.199682,8.186463,
START_TIME,1585589125.0,
END_TIME,1585590261.0,
TOTAL_TIME,1135.9