BURST_NUMBER,ORIENTATION,START_TIME,Gate0,Gate1,Gate2,Gate3,Gate4,Gate5,Gate6,Gate7,Gate8,Gate9,Gate10,Gate11,Gate12,Gate13,Gate14,Gate15,Gate16,Gate17,Gate18,Gate19,Gate20,Gate21,Gate22,Gate23,Gate24,
1,L,207.5,0.0,0.138803,0.424854,0.497938,0.59608,1.140837,NA,NA,NA,NA,NA,NA,NA,NA,NA,NA,NA,NA,NA,NA,7.547366,7.550881,7.553481,7.562283,7.558338,
2,L,287.0,0.0,0.555481,0.746239,1.038743,1.243909,2.007489,2.278412,2.89307,3.658933,NA,5.417307,NA,6.90069,NA,7.91534,8.636949,NA,11.553289,13.15202,15.034239,17.252252,17.716034,18.615725,19.60445,20.168556,
3,R,353.0,0.0,0.032862,NA,0.225131,0.332217,0.807125,1.22416,1.673871,2.171924,NA,3.049159,3.297686,3.520566,3.761128,4.069026,NA,4.838869,NA,NA,5.842297,6.529777,7.723759,8.140742,8.959689,10.201685,
4,L,428.5,0.0,0.737818,0.827042,0.833604,0.967932,NA,1.473254,1.588794,1.784097,2.003989,2.316578,2.535474,2.708289,2.892126,3.008717,3.202566,NA,3.472299,3.577924,3.737,3.885392,3.98247,4.03051,NA,4.150275,
5,R,501.0,0.0,1.018647,1.221609,1.311393,1.507827,1.756057,NA,2.211634,2.349106,2.555952,2.783475,3.095077,3.270838,3.597406,NA,NA,NA,5.117481,5.653457,12.466678,14.719989,16.102907,16.347445,16.779822,17.133443,
6,L,573.3,0.0,0.540679,0.610764,NA,0.872927,NA,1.118703,1.262229,1.433185,1.652356,NA,NA,2.094418,2.226206,2.283705,2.405199,NA,2.711515,2.834088,2.971218,3.156653,3.294938,3.342097,3.474997,3.490314,
7,R,642.1,0.0,2.299029,2.41704,2.616897,2.852094,3.149009,3.310872,3.585412,3.820776,NA,4.418173,NA,NA,5.361747,NA,NA,NA,NA,NA,NA,6.707725,6.9162,7.03026,8.476125,13.933626,
8,L,714.7,0.0,NA,1.680351,2.059485,2.187034,NA,2.6425,2.80188,2.980544,3.182706,3.370094,3.636196,3.897594,4.108325,4.263144,NA,NA,4.87333,5.094572,5.269931,5.465004,5.603423,5.786776,6.306391,6.904824,
9,R,790.2,0.0,1.038748,1.532377,1.859785,2.257532,2.694387,3.149071,4.043274,NA,5.203629,5.553006,5.995018,6.206548,6.503831,NA,NA,7.222262,NA,NA,NA,8.688691,12.508746,12.818996,13.424985,13.815606,
10,L,860.5,0.0,NA,1.201809,NA,2.508215,2.868993,NA,3.411729,3.676061,3.870899,4.046877,NA,4.333038,4.527517,4.712035,4.913289,5.114962,5.313198,5.528703,5.831556,6.104371,NA,13.209876,15.010439,15.333698,
11,R,932.6,0.0,0.086492,0.273529,0.489443,0.710178,1.033121,1.407368,1.705729,NA,2.211968,2.368408,NA,NA,NA,NA,NA,3.169757,NA,3.374019,NA,3.637111,NA,3.817779,NA,4.067185,
12,L,1000.1,0.0,NA,0.284032,NA,0.788681,NA,1.60479,NA,NA,2.345419,2.517643,2.733452,3.087302,NA,3.947788,4.45,NA,NA,5.371763,5.891681,9.36704,10.062042,11.403207,12.023187,12.428676,
13,R,1070.1,0.0,0.035795,0.128626,0.161582,0.276015,0.460072,0.695698,0.998855,NA,1.38801,1.53342,1.710852,1.839822,2.100148,2.362102,2.685051,3.125518,4.088565,5.27387,10.001882,12.093514,12.42331,12.684548,13.170811,13.67488,
14,L,1144.2,0.0,0.132636,0.925019,5.192186,5.300562,5.769399,6.056186,6.578783,6.721067,6.892135,7.19922,NA,8.313881,NA,8.839061,9.105172,NA,9.491183,9.679791,9.93293,10.190564,11.148741,15.10453,16.826031,17.967532,
15,R,1210.7,0.0,0.08525,0.174168,0.232306,0.366918,1.037029,1.429402,1.800037,1.93213,2.119334,2.426627,NA,NA,NA,NA,NA,3.694319,3.8156,NA,NA,4.211918,NA,4.373776,NA,4.527371,
START_TIME,1585640879.0,
END_TIME,1585642317.0,
TOTAL_TIME,1438.3