BURST_NUMBER,ORIENTATION,START_TIME,Gate0,Gate1,Gate2,Gate3,Gate4,Gate5,Gate6,Gate7,Gate8,Gate9,Gate10,Gate11,Gate12,Gate13,Gate14,Gate15,Gate16,Gate17,Gate18,Gate19,Gate20,Gate21,Gate22,Gate23,Gate24,
1,L,53.7,0.0,0.845634,1.018781,1.202512,1.517125,1.98983,2.559089,3.589005,4.314726,6.36975,7.425886,8.612011,9.288481,9.900702,10.238052,11.134663,12.537598,16.163708,20.251952,NA,21.427935,25.248789,25.396441,25.910159,27.640965,
2,R,138.1,0.0,0.250419,0.647003,1.150367,1.818214,3.47125,4.473716,4.954594,NA,NA,NA,NA,NA,NA,NA,NA,NA,NA,NA,NA,6.917374,6.90757,6.910645,6.925007,6.866442,
3,R,236.8,0.0,0.027117,0.109982,0.197939,0.327452,0.757182,1.130895,1.612495,2.081744,2.365753,3.067284,3.692473,5.007511,6.834432,7.965553,10.234063,12.355355,12.845972,13.350955,15.820072,18.068136,18.876681,19.312972,20.642982,21.441604,
4,L,277.5,0.0,1.353698,1.462449,NA,1.961309,2.505463,3.153772,3.572231,4.157131,5.28537,5.654422,7.336809,11.498089,12.778753,13.544475,14.338771,NA,NA,NA,NA,15.386295,26.332495,26.66525,27.344711,28.080207,
5,R,360.3,0.0,3.010466,3.2592,3.418998,3.840482,4.486726,5.060069,5.901221,6.811429,7.348037,9.356506,13.302543,15.613762,16.162015,16.517578,17.676191,18.665857,19.667417,20.938216,21.66567,22.33078,22.959061,23.841081,24.446446,26.119817,
6,L,418.2,0.0,1.497933,2.115174,NA,2.585077,NA,6.587634,NA,NA,NA,NA,NA,NA,NA,NA,NA,NA,NA,NA,NA,NA,NA,13.998136,14.015405,14.018417,
7,L,490.6,0.0,1.460775,1.767709,3.285976,3.636136,4.939329,6.282769,6.890195,16.636387,NA,NA,NA,NA,NA,NA,NA,NA,NA,NA,NA,NA,NA,26.56561,26.54644,26.573887,
8,L,573.9,0.0,17.093386,17.800442,18.296095,18.559162,19.350665,26.18821,26.653383,27.018872,27.463486,27.932682,32.229961,32.992707,33.967368,34.454884,37.165289,38.677135,NA,NA,NA,38.777349,44.383035,46.181508,47.076907,47.301552,
9,R,643.8,NA,NA,NA,NA,NA,NA,0.0,0.43601,0.838396,1.216704,2.09729,3.922035,4.99022,5.781458,7.407056,16.560843,17.47748,NA,NA,NA,NA,NA,NA,18.74479,18.783087,
10,L,725.9,0.0,1.490618,2.598233,3.319467,4.736038,NA,NA,NA,NA,NA,NA,NA,NA,NA,NA,NA,NA,NA,NA,NA,9.58144,9.607895,9.605231,9.62254,9.573372,
11,L,782.8,0.0,NA,1.092745,NA,1.139517,1.43601,1.980763,2.389684,2.75608,3.12817,3.446623,3.703528,3.937558,4.20895,4.607228,5.09847,NA,NA,NA,NA,11.040051,14.85179,15.015517,16.219979,16.511223,
12,R,869.8,0.0,0.34591,2.135789,2.434953,NA,NA,NA,NA,NA,NA,NA,NA,NA,NA,NA,NA,NA,NA,NA,NA,NA,NA,10.430934,10.422467,9.124484,
13,R,928.4,0.0,0.05601,NA,0.304846,0.345159,0.541346,0.950416,1.360041,1.743759,2.096273,2.46901,2.89208,3.185265,4.323659,4.560613,5.092494,5.757758,6.447652,7.470776,8.54917,10.809763,11.533688,11.736202,12.320026,12.818846,
14,L,994.7,0.0,0.986238,1.251619,1.426709,1.570504,1.926135,2.254516,2.646847,3.115426,4.988251,5.855326,7.875581,10.403523,12.540536,13.326289,14.186065,15.170979,15.751063,NA,NA,15.927986,20.215729,20.797716,22.204391,22.776829,
15,R,1068.8,0.0,0.246982,0.940703,1.258771,1.93236,2.624805,3.174151,3.846482,4.683838,7.956849,NA,NA,NA,NA,NA,NA,NA,NA,NA,NA,NA,NA,NA,NA,10.779878,
START_TIME,1585633079.0,
END_TIME,1585634185.0,
TOTAL_TIME,1105.6