BURST_NUMBER,ORIENTATION,START_TIME,Gate0,Gate1,Gate2,Gate3,Gate4,Gate5,Gate6,Gate7,Gate8,Gate9,Gate10,Gate11,Gate12,Gate13,Gate14,Gate15,Gate16,Gate17,Gate18,Gate19,Gate20,Gate21,Gate22,Gate23,Gate24,
1,R,46.5,0.0,0.073803,0.095539,NA,0.282674,0.45642,0.570695,0.775505,NA,1.291283,1.525142,NA,2.984014,3.512396,4.453146,5.158258,6.223287,6.998715,NA,NA,8.575695,NA,9.134277,NA,10.000174,
2,L,110.6,0.0,0.065543,0.154399,0.188133,0.272167,0.360786,0.505162,NA,NA,1.169006,1.600241,1.648823,1.950788,2.256326,2.554347,3.097788,3.523645,3.901368,4.398236,4.691331,5.700806,6.008821,6.106151,6.455784,6.746333,
3,R,176.5,0.0,0.059427,0.132201,0.256908,0.331636,NA,0.592401,0.780066,NA,1.08498,1.264537,1.442839,1.608135,NA,NA,NA,NA,NA,NA,NA,4.325039,4.547492,4.824603,5.853097,6.299857,
4,L,251.7,0.0,0.005491,0.083342,NA,0.320214,0.519925,0.725423,0.989854,1.209846,NA,1.922835,2.229361,NA,3.715012,4.35981,5.012454,6.481814,7.122927,8.058168,9.227497,15.25324,15.981347,17.257135,18.854468,19.229854,
5,R,328.7,0.0,0.269301,0.44116,0.532224,0.717366,1.188796,1.426648,1.949633,NA,3.727199,4.623892,9.083174,9.440327,10.340812,11.169085,11.872752,15.455984,17.327986,18.735149,19.662167,20.584855,23.287601,23.658175,24.569345,24.84519,
6,L,399.5,0.0,0.049143,0.188298,0.267188,0.384363,0.597011,0.769866,1.004626,1.354058,1.829869,2.219666,2.630189,2.927891,3.542947,3.946894,5.11132,5.948955,NA,8.036528,9.104572,9.802303,17.374462,17.534986,18.954757,19.599531,
7,R,472.4,0.0,NA,0.472459,NA,0.664128,NA,1.161538,NA,NA,1.941916,2.209859,NA,NA,NA,NA,NA,NA,NA,NA,NA,6.838216,NA,7.792531,15.062598,15.033768,
8,L,537.8,0.0,0.293356,0.393033,0.486674,0.624989,0.774248,0.943083,1.073555,1.171423,1.314102,1.48477,1.646167,1.857067,2.062069,2.228835,2.423634,2.584474,2.787771,2.985346,3.205068,3.395197,3.633647,3.833758,4.086847,4.264196,
9,R,605.4,NA,0.0,0.09002,0.147006,0.219883,0.400622,0.572732,0.724846,0.84727,0.997172,1.133488,NA,1.569299,NA,2.007636,2.198291,2.495325,2.906256,3.146485,NA,3.926416,4.244198,4.320555,NA,4.912537,
10,L,679.2,0.0,0.678691,1.696957,2.880419,3.392867,4.275504,NA,4.804205,5.009114,5.290104,5.578387,NA,6.263428,6.544355,NA,7.004635,7.286823,7.678989,9.002906,23.800841,24.334785,25.084585,25.236767,28.783891,29.179431,
11,R,754.6,0.0,0.154185,0.416089,0.598302,0.925159,1.500504,2.230471,NA,6.971315,NA,NA,NA,NA,NA,NA,NA,NA,NA,NA,NA,NA,NA,NA,NA,26.960504,
12,R,828.4,0.0,NA,1.223508,NA,1.753997,3.077011,NA,6.999206,NA,NA,NA,NA,NA,NA,NA,NA,NA,NA,NA,NA,NA,NA,NA,NA,15.13447,
13,R,901.9,0.0,0.048998,0.128667,0.172827,0.255588,NA,0.698546,0.85006,1.0415,1.309387,2.854811,4.141457,5.757766,6.915225,10.97859,NA,11.632364,12.110095,13.231343,15.016208,16.882068,17.266243,18.751121,20.878517,21.211131,
14,L,981.9,0.0,0.098268,0.275015,0.350999,0.492007,0.857359,NA,1.495583,1.8437,NA,NA,NA,NA,5.818949,10.330435,11.516158,12.591424,13.512294,19.626965,21.04823,21.493469,22.415975,23.598029,26.318299,26.626745,
15,R,1038.0,0.0,0.107729,0.433685,NA,0.73606,0.973892,1.172132,NA,NA,NA,2.053,NA,NA,NA,NA,NA,NA,NA,NA,NA,NA,NA,NA,9.291493,9.268105,
START_TIME,1585616318.0,
END_TIME,1585617376.0,
TOTAL_TIME,1058.3