BURST_NUMBER,ORIENTATION,START_TIME,Gate0,Gate1,Gate2,Gate3,Gate4,Gate5,Gate6,Gate7,Gate8,Gate9,Gate10,Gate11,Gate12,Gate13,Gate14,Gate15,Gate16,Gate17,Gate18,Gate19,Gate20,Gate21,Gate22,Gate23,Gate24,
1,L,24.5,0.0,0.018337,0.055109,NA,0.151209,NA,NA,NA,NA,0.60177,0.727458,0.799502,0.980474,NA,NA,1.815637,2.13674,2.438705,2.815053,3.147877,3.598269,NA,4.36567,NA,4.953668,
2,R,94.1,NA,NA,NA,NA,NA,NA,NA,NA,NA,NA,0.0,NA,0.909532,2.730997,NA,NA,6.348529,6.601188,6.971456,7.219376,7.595136,NA,7.762541,NA,7.9806,
3,L,164.3,0.0,0.067117,0.12756,0.161551,0.21098,0.317774,0.460479,0.599179,0.747953,0.870187,0.966512,1.095149,1.295722,11.507079,13.180983,15.787676,16.727428,17.252615,18.25054,19.197638,20.58885,21.12729,21.652589,22.146958,22.453037,
4,R,237.5,0.0,0.020748,0.121296,0.240779,0.445632,0.830373,1.337265,3.182244,5.167222,NA,NA,NA,NA,NA,NA,NA,NA,NA,NA,NA,17.859823,17.864788,NA,17.782061,17.75011,
5,R,310.3,NA,NA,NA,0.0,0.060263,0.173915,0.383199,NA,NA,NA,0.820833,NA,NA,NA,NA,NA,NA,1.63228,1.812266,NA,2.541558,NA,NA,NA,2.858552,
6,L,377.4,0.0,NA,0.124808,0.239259,NA,NA,NA,NA,NA,NA,NA,NA,NA,3.763954,4.198043,11.319466,NA,11.476727,11.940318,13.513728,14.237481,15.634547,16.044157,16.795217,17.091419,
7,R,446.9,0.0,0.047948,0.114028,0.162598,0.261926,0.444754,0.630195,0.834913,1.137414,1.254164,NA,1.732876,1.953692,2.176728,2.411211,NA,NA,3.194304,3.481597,3.992083,5.251319,8.30794,8.624449,9.800921,10.52083,
8,L,516.6,0.0,0.010645,0.080395,0.096673,0.155063,0.260118,NA,NA,0.634207,0.760449,0.897491,1.022166,1.173537,1.35759,1.533145,1.760053,1.969966,2.205888,2.404454,2.612372,2.809615,2.946468,3.041262,3.223797,3.337384,
9,R,585.7,0.0,NA,0.658297,0.945124,1.808759,3.180887,4.241466,5.404606,6.887152,7.728915,8.601192,9.39154,10.134856,11.021128,NA,12.935221,14.196042,20.614107,23.891581,25.026433,26.299878,27.339731,28.070957,28.506565,28.781394,
10,L,653.7,0.0,0.057038,0.108016,0.165535,0.272675,0.617265,NA,1.93919,2.481543,3.335433,5.132422,12.589372,13.892486,16.39421,16.993078,17.799022,19.804073,20.796423,22.532519,22.640475,22.893212,23.28786,23.569275,24.759279,25.51105,
11,R,726.3,0.0,0.099049,0.255332,NA,NA,2.067073,8.65897,NA,NA,NA,NA,NA,NA,NA,NA,NA,NA,NA,NA,12.049979,12.085207,12.115985,12.137181,12.179771,12.275572,
12,R,805.4,0.0,0.071312,0.259315,0.350468,0.598814,1.120801,1.932157,3.265066,10.421684,12.469967,13.061853,14.641469,16.361872,17.459539,17.906175,18.473503,19.994724,21.943018,22.755567,24.441998,24.965143,NA,25.283198,25.657461,25.882236,
13,L,883.4,0.0,0.076256,0.171877,NA,NA,0.627834,0.879049,1.226699,NA,2.313192,3.652458,4.909297,5.892519,6.65274,7.372727,11.877335,14.6398,16.962627,18.244411,19.823134,21.512183,21.92183,22.16335,23.807259,24.087478,
14,R,943.2,0.0,0.100919,NA,NA,NA,NA,1.473186,1.806606,2.169292,2.468048,2.800427,3.316347,NA,NA,NA,NA,6.724861,14.112341,14.952394,15.855624,17.899845,18.822009,20.03496,22.317713,22.822413,
15,L,1009.0,0.0,NA,NA,NA,5.79845,6.015093,6.296921,6.598884,6.782286,NA,7.644656,8.43739,NA,9.966328,10.390864,10.774597,NA,12.288463,NA,NA,14.889629,14.925896,14.929076,14.998691,15.014026,
START_TIME,1585597722.0,
END_TIME,1585598756.0,
TOTAL_TIME,1034.7