BURST_NUMBER,ORIENTATION,START_TIME,Gate0,Gate1,Gate2,Gate3,Gate4,Gate5,Gate6,Gate7,Gate8,Gate9,Gate10,Gate11,Gate12,Gate13,Gate14,Gate15,Gate16,Gate17,Gate18,Gate19,Gate20,Gate21,Gate22,Gate23,Gate24,
1,R,254.5,0.0,NA,0.130019,0.233648,0.311262,0.450746,0.597063,0.819033,1.000627,1.231682,1.556969,1.856107,2.107697,2.690247,3.069206,NA,3.748151,4.163294,4.533985,4.697218,4.938181,5.167745,5.227834,5.309887,5.566601,
2,L,326.2,0.0,0.17644,0.283947,NA,0.591772,0.780021,1.039618,1.278776,1.575862,NA,NA,2.450035,2.867169,3.193929,3.509303,3.987724,NA,5.064815,NA,NA,NA,-2.556505,12.305299,NA,13.094244,
3,R,390.7,0.0,NA,0.132687,0.150737,0.269807,0.496095,NA,0.745379,0.931093,1.067556,NA,1.445879,1.632318,1.870429,2.325305,2.647828,3.287427,3.751033,4.203741,4.547893,4.811753,NA,5.070282,NA,5.212274,
4,L,458.2,0.0,0.10212,0.208528,0.296308,0.583252,0.853059,1.132952,1.347849,1.552722,1.792871,2.023116,2.24335,2.599624,3.0608,3.634945,9.029331,9.920871,11.16912,11.927612,14.482699,15.220706,16.13853,16.397129,NA,18.909836,
5,R,528.6,0.0,NA,0.107204,0.154298,0.214204,0.341003,0.532094,0.759168,0.99851,1.200645,1.505376,NA,2.077298,2.459426,3.112787,3.353558,3.679498,3.987885,4.536122,4.597706,5.106094,NA,5.834007,7.11139,8.328518,
6,L,597.8,0.0,0.054778,0.10144,0.164265,0.28046,0.568012,0.759825,0.900709,1.238467,NA,1.636002,1.85478,1.994451,2.130402,2.290518,2.45075,2.610219,2.797619,3.104235,3.613071,4.129157,4.481428,4.550192,NA,5.248021,
7,R,662.5,0.0,NA,0.128883,0.179087,0.295727,0.441106,0.605077,0.724288,0.866506,1.0035,1.200372,1.488652,NA,NA,NA,NA,2.530803,2.78164,3.01933,3.24721,3.383925,3.529706,3.596967,3.727576,3.807168,
8,L,738.3,0.0,0.010758,0.063221,0.104715,0.194319,0.409122,0.625105,0.862661,1.118441,1.327909,1.551079,1.71245,1.904643,2.130224,2.305102,2.527247,2.637782,2.791651,3.00175,3.252587,3.801709,5.37029,7.871677,NA,8.405191,
9,R,803.2,0.0,NA,0.133954,0.180992,0.229512,0.369841,0.514241,0.591894,0.730947,0.811508,0.924067,NA,NA,NA,NA,NA,1.920404,NA,NA,NA,2.553036,2.667835,2.704189,NA,2.887979,
10,L,870.6,0.0,0.712581,1.030328,NA,1.392131,NA,NA,2.00096,2.14791,2.258885,2.364887,2.521125,2.677041,2.802204,2.963366,3.111307,3.260347,3.403135,3.549721,3.793874,4.51403,10.524473,10.538887,10.925419,11.124617,
11,R,938.6,0.0,0.00504,0.087095,0.133217,0.220798,NA,0.464151,0.588541,0.824779,NA,1.444592,1.763786,2.279868,NA,3.456952,4.217703,10.635362,11.223377,12.151062,13.147861,15.020451,15.742015,17.151406,17.787991,17.886098,
12,L,1009.0,0.0,0.044044,0.099296,0.149716,0.197223,0.323441,NA,0.684423,NA,1.0128,1.183549,1.378998,NA,1.748724,1.869087,2.07978,NA,2.451882,2.570862,2.751615,2.896409,3.085322,3.133554,3.291904,3.356377,
13,R,1076.6,0.0,0.099443,0.260515,0.301514,0.445505,0.648133,0.892158,1.014407,1.187541,1.365868,1.637427,1.869614,2.038822,2.328736,2.721268,NA,3.517435,4.031755,4.990746,NA,6.48688,9.36958,10.466102,11.164622,12.134058,
14,L,1144.1,0.0,NA,0.133684,NA,0.266134,NA,NA,NA,NA,NA,NA,NA,1.293661,1.401149,1.530296,1.682074,NA,2.072793,2.219923,2.368081,2.516322,2.65935,2.67647,2.788224,2.849642,
15,R,1207.5,0.0,0.084071,0.135024,0.203502,0.256628,0.384587,0.514614,0.642298,NA,0.940204,1.058849,1.235546,NA,NA,NA,NA,NA,NA,NA,NA,2.571803,NA,NA,NA,2.979294,
START_TIME,1585623735.0,
END_TIME,1585624997.0,
TOTAL_TIME,1261.8