BURST_NUMBER,ORIENTATION,START_TIME,Gate0,Gate1,Gate2,Gate3,Gate4,Gate5,Gate6,Gate7,Gate8,Gate9,Gate10,Gate11,Gate12,Gate13,Gate14,Gate15,Gate16,Gate17,Gate18,Gate19,Gate20,Gate21,Gate22,Gate23,Gate24,
1,R,179.8,0.0,NA,0.10915,0.162169,NA,0.391856,0.56902,NA,NA,NA,1.356882,NA,NA,NA,NA,NA,3.275833,3.707483,4.101953,NA,5.76161,6.669791,6.887295,NA,8.76815,
2,L,256.9,0.0,0.615821,0.703925,0.732899,0.777008,NA,NA,NA,NA,NA,NA,NA,2.490186,2.778675,3.002903,3.286986,3.641413,4.216849,4.403866,5.254532,5.743883,NA,6.406302,NA,11.972309,
3,R,329.9,0.0,NA,0.100357,NA,0.233993,0.316624,0.422285,NA,NA,0.701414,0.825955,NA,1.119182,1.285,NA,NA,NA,NA,NA,NA,3.13263,NA,3.374112,NA,3.963401,
4,L,405.0,0.0,NA,0.910915,NA,1.086504,1.204131,NA,NA,NA,NA,NA,NA,2.298167,2.618197,3.133847,3.200175,3.849678,NA,5.127102,NA,5.120912,6.96319,8.678241,13.921159,13.91873,
5,R,473.6,0.0,NA,0.205024,0.300794,0.399849,0.501593,0.644993,NA,NA,NA,NA,1.569553,2.09618,2.341519,2.801344,3.791849,6.077341,NA,NA,NA,NA,NA,NA,6.795505,6.759323,
6,L,540.8,0.0,0.520698,0.561767,0.593132,0.700811,NA,NA,NA,NA,NA,NA,NA,NA,2.213766,2.568491,2.961887,3.563706,NA,NA,NA,5.149686,13.187522,13.811255,15.567037,16.202398,
7,R,613.0,0.0,0.037703,0.108413,NA,0.238358,0.360172,0.487559,NA,NA,NA,0.943119,NA,NA,1.440135,1.681505,1.986951,2.225302,2.892178,5.489012,6.209615,7.607586,8.473965,9.056708,9.482145,9.864378,
8,L,688.4,0.0,0.933679,1.041752,1.072634,1.123864,1.348761,1.648551,NA,2.025614,NA,NA,NA,3.136897,3.572847,3.827594,4.237515,NA,5.400894,6.232931,NA,10.792204,14.339129,14.809434,16.19213,16.918339,
9,R,755.2,0.0,0.07263,0.275801,0.350258,0.567791,0.83886,1.182483,1.803943,3.048752,4.764041,6.409133,7.624849,8.512762,10.779387,11.760894,15.800869,16.64601,17.844679,19.06367,20.620054,21.641951,23.983211,24.855321,25.519934,26.184219,
10,L,839.7,0.0,0.373826,0.422785,0.479941,NA,0.739856,0.982076,1.361289,1.702709,2.003139,2.320503,2.679218,3.211431,7.900628,8.86323,9.503592,NA,NA,NA,NA,7.941212,16.979132,17.368406,19.000101,21.112367,
11,R,909.6,0.0,0.030057,0.095105,NA,0.235759,0.442718,0.561375,NA,NA,1.005004,1.23479,1.462519,1.670706,1.962666,3.129645,8.62866,10.500465,12.61619,14.019932,15.798016,16.829767,17.281663,18.777099,19.91673,20.1619,
12,L,974.2,0.0,0.035464,0.112887,0.142147,0.225863,0.387564,0.607575,0.862188,1.099462,1.422922,1.6725,2.15207,2.616816,4.28499,6.133169,7.377448,8.019326,8.921094,10.702067,NA,11.613573,14.498941,14.868362,15.890427,16.054664,
13,R,1051.9,0.0,0.084339,0.128665,0.172483,0.242947,0.385283,0.512876,NA,NA,NA,NA,1.2331,NA,1.657623,1.943506,2.399191,2.639842,3.57603,4.61907,7.159518,8.00616,8.428541,8.675167,9.540228,9.846341,
14,L,1119.8,0.0,0.929486,0.990322,NA,1.090374,1.263531,1.408959,1.525838,NA,NA,NA,2.209688,2.427879,2.684759,2.80197,3.050984,3.17232,3.370418,3.52911,3.677978,3.826473,3.943896,4.011997,4.145697,4.226309,
15,R,1187.5,0.0,0.087325,0.306228,NA,0.42859,NA,0.769442,0.886602,1.026493,1.172264,1.340633,NA,1.882076,3.243172,6.754063,7.207977,8.308992,9.437259,11.505653,12.920416,14.593355,17.898927,18.439986,19.563066,20.389849,
START_TIME,1585634614.0,
END_TIME,1585635828.0,
TOTAL_TIME,1214.2