BURST_NUMBER,ORIENTATION,START_TIME,Gate0,Gate1,Gate2,Gate3,Gate4,Gate5,Gate6,Gate7,Gate8,Gate9,Gate10,Gate11,Gate12,Gate13,Gate14,Gate15,Gate16,Gate17,Gate18,Gate19,Gate20,Gate21,Gate22,Gate23,Gate24,
1,R,37.4,0.0,NA,0.213776,NA,0.73436,1.577621,NA,NA,NA,NA,NA,NA,9.695929,11.21853,17.277172,17.918296,18.043969,18.875852,19.425558,20.094286,20.733493,21.217272,21.431477,21.875581,22.056431,
2,L,97.8,0.0,NA,0.243477,NA,NA,NA,NA,NA,2.463795,7.006534,NA,NA,10.162423,NA,11.06782,11.745266,NA,NA,14.060831,14.577038,15.295465,17.527053,NA,3.240141,18.342028,
3,R,166.8,0.0,0.031768,0.106606,NA,0.269422,0.401544,0.561355,NA,NA,9.914529,NA,NA,NA,NA,NA,2.969719,3.762062,NA,NA,NA,NA,NA,NA,NA,25.277114,
4,R,223.8,0.0,0.599841,0.98744,NA,1.735537,2.506347,3.447633,NA,NA,NA,7.637354,NA,NA,NA,NA,NA,NA,NA,NA,NA,NA,NA,NA,NA,11.813132,
5,L,315.3,0.0,NA,NA,NA,NA,NA,1.144055,1.401153,NA,1.960041,2.236745,2.535528,3.027999,3.803006,4.785008,17.904313,18.365137,18.82536,19.295003,NA,19.710215,20.194427,20.401851,20.880571,20.948593,
6,R,397.6,0.0,NA,0.238721,NA,0.611456,1.048623,1.494754,NA,NA,NA,4.282157,17.517712,18.313576,19.267558,20.187179,22.771603,23.54211,24.780071,25.355445,26.387366,26.948244,27.928562,28.060381,28.368728,28.724952,
7,L,467.2,0.0,NA,0.368879,NA,NA,NA,NA,NA,NA,NA,NA,NA,NA,NA,NA,NA,NA,NA,NA,NA,NA,NA,NA,22.4633,22.484698,
8,L,570.1,NA,NA,NA,NA,NA,NA,NA,NA,NA,NA,NA,NA,NA,NA,NA,NA,NA,NA,NA,NA,NA,NA,NA,NA,0.0,
9,R,603.3,0.0,0.073517,0.280056,0.362024,0.6136,1.04897,2.073965,4.888468,11.329087,NA,NA,NA,NA,NA,NA,NA,NA,NA,NA,NA,NA,13.349818,NA,13.28502,13.340142,
10,R,745.5,0.0,0.016648,NA,NA,NA,NA,NA,NA,NA,1.430805,1.644841,2.16009,3.062013,NA,6.183281,NA,NA,15.534505,18.133044,19.49146,20.64479,22.007092,22.058858,NA,22.619035,
11,L,814.5,0.0,0.084468,0.190554,NA,0.620755,0.893973,1.407475,1.840646,2.137235,2.44071,2.917217,13.033788,13.326101,13.646161,13.971843,14.712866,16.408137,18.770842,19.2852,20.535058,21.339903,21.587936,21.85221,22.433677,22.564424,
12,R,865.4,0.0,NA,NA,NA,0.663576,NA,1.216244,1.52727,NA,NA,2.884214,4.056528,5.729672,7.518875,10.509264,12.04941,14.52054,15.289289,15.929244,17.007355,17.727406,18.634458,18.833434,20.383105,20.356434,
13,L,916.4,0.0,0.215176,0.533692,0.671712,0.938724,1.295657,2.022812,8.934956,12.977796,14.014582,15.035482,15.568163,15.992151,17.372862,19.093451,19.985404,20.583603,21.275934,22.137228,23.370208,23.798589,24.24658,24.889071,25.968946,26.164507,
14,R,971.6,NA,NA,NA,NA,NA,NA,NA,NA,NA,NA,NA,NA,NA,NA,NA,NA,NA,NA,NA,0.0,0.829401,1.569636,2.365224,5.54954,6.120587,
15,L,1025.8,0.0,0.120255,0.343663,0.47846,0.656952,1.038285,1.288679,1.732918,NA,NA,NA,3.87954,14.33638,14.863832,15.352659,15.95361,16.310114,16.772251,17.229611,17.824654,18.59888,18.717171,18.714528,18.910753,18.840339,
16,R,1066.4,0.0,0.061247,0.087119,0.169159,0.382508,NA,NA,NA,NA,NA,NA,NA,NA,NA,NA,NA,5.230796,6.276232,NA,9.220321,10.634796,15.164941,15.373871,15.978058,16.000949,
START_TIME,1585570198.0,
END_TIME,1585571446.0,
TOTAL_TIME,1248.0