BURST_NUMBER,ORIENTATION,START_TIME,Gate0,Gate1,Gate2,Gate3,Gate4,Gate5,Gate6,Gate7,Gate8,Gate9,Gate10,Gate11,Gate12,Gate13,Gate14,Gate15,Gate16,Gate17,Gate18,Gate19,Gate20,Gate21,Gate22,Gate23,Gate24,
1,R,56.0,0.0,0.042427,0.104401,0.180323,0.346403,0.829037,1.326474,NA,NA,NA,2.657931,NA,3.567497,NA,NA,NA,6.800626,7.821661,8.871994,NA,10.953267,NA,11.669241,12.724667,12.959495,
2,L,129.6,0.0,NA,0.131848,NA,0.289545,NA,NA,NA,1.124952,NA,NA,NA,NA,NA,3.116148,5.927158,9.801558,10.555236,11.418256,12.501202,13.258045,14.145819,NA,0.587757,17.075505,
3,R,203.3,0.0,0.054117,0.095513,0.131952,0.220416,0.543052,0.868221,1.263467,NA,NA,1.973416,2.238026,2.606138,8.230532,NA,NA,10.250359,10.525414,NA,NA,11.1599,NA,11.299497,NA,11.447198,
4,L,269.1,0.0,0.185149,0.637137,1.368708,2.291133,NA,7.401865,NA,NA,NA,NA,NA,NA,NA,NA,NA,NA,NA,NA,NA,NA,NA,18.608361,18.631096,18.661158,
5,L,341.7,0.0,0.05617,0.103458,0.132223,0.216476,0.304418,NA,NA,0.90971,NA,NA,NA,NA,NA,1.683737,1.825422,NA,NA,2.317437,2.51234,2.741358,3.267101,3.300131,4.787945,7.022535,
6,R,412.8,0.0,0.160335,0.2585,0.385671,0.490921,0.706255,0.909423,NA,NA,NA,1.947021,10.516799,11.980006,14.077152,15.469009,16.731121,19.550329,21.372223,24.950966,27.811681,29.191718,29.585203,29.853177,30.567593,31.117812,
7,L,481.1,0.0,0.03427,0.143542,0.1667,0.276504,0.454422,NA,0.966626,1.116939,NA,NA,1.643122,1.834302,2.023241,2.175907,2.456095,5.80438,5.881956,8.082381,11.871344,13.573774,14.768625,NA,2.798621,15.656692,
8,R,558.8,0.0,0.131322,0.413598,0.728578,0.919256,1.425729,1.873102,NA,NA,NA,4.291323,5.31441,6.074808,7.540317,9.009835,11.497277,14.155633,16.454078,17.379338,17.894776,19.444683,21.325958,21.710672,22.438833,22.809723,
9,L,624.8,0.0,0.333453,0.871662,NA,5.137968,NA,NA,NA,NA,NA,NA,NA,NA,NA,NA,NA,NA,NA,NA,NA,NA,NA,5.939432,5.982762,5.918369,
10,L,701.0,0.0,0.010839,0.139803,0.167411,0.279858,0.470591,0.638127,0.766197,0.905912,1.032198,NA,NA,6.771034,9.140247,10.859655,12.346612,13.099609,13.970595,15.679516,16.470542,16.593944,16.724412,16.806141,17.00012,17.310484,
11,R,759.5,0.0,0.048905,0.140847,0.156313,0.273753,0.514196,0.741898,NA,NA,1.279994,1.413055,1.583104,1.751818,2.037275,NA,NA,3.068648,4.897313,5.315624,6.16802,9.096834,9.535045,9.637433,10.602961,11.023234,
12,L,827.3,0.0,0.027201,0.086211,0.125108,0.196275,0.338813,NA,NA,NA,NA,NA,NA,NA,1.556282,1.649422,1.818994,NA,NA,3.486052,4.113653,4.682553,5.096804,5.33209,6.731243,12.173212,
13,R,902.2,0.0,NA,0.172732,NA,0.36246,0.599087,0.783879,NA,NA,NA,1.426357,1.578847,1.742453,1.946552,NA,NA,3.870932,5.109874,6.637357,8.698933,9.215675,10.55634,11.347944,11.76194,12.827118,
14,L,992.3,0.0,0.044905,0.143363,0.189364,0.241337,0.366234,0.527734,0.771867,0.935044,NA,NA,NA,NA,NA,1.886825,2.129749,NA,NA,2.74991,2.942129,3.094255,3.287895,3.337542,NA,3.669424,
15,R,1049.6,0.0,NA,0.148878,0.156922,0.257169,0.52147,0.988459,1.222308,1.50908,1.882585,1.951699,2.123266,NA,NA,NA,NA,NA,NA,NA,NA,NA,NA,NA,9.83957,9.828304,
START_TIME,1585619463.0,
END_TIME,1585620542.0,
TOTAL_TIME,1078.9