BURST_NUMBER,ORIENTATION,START_TIME,Gate0,Gate1,Gate2,Gate3,Gate4,Gate5,Gate6,Gate7,Gate8,Gate9,Gate10,Gate11,Gate12,Gate13,Gate14,Gate15,Gate16,Gate17,Gate18,Gate19,Gate20,Gate21,Gate22,Gate23,Gate24,
1,R,130.3,0.0,0.050885,0.116625,0.186564,0.274948,NA,0.517591,0.655492,NA,0.995966,1.156702,NA,NA,NA,NA,NA,NA,2.812011,3.160644,3.51146,3.802394,NA,4.216935,NA,4.64937,
2,L,191.3,0.0,0.992826,NA,NA,NA,NA,1.395938,1.565077,1.796096,NA,2.330155,2.513709,3.045108,3.144647,3.380913,3.637282,NA,NA,5.124696,5.672388,6.207894,NA,7.337035,10.94618,11.094245,
3,R,261.9,0.0,0.033201,0.129716,NA,NA,0.43853,0.53365,0.715478,0.901434,1.071547,1.273357,1.439129,1.578631,NA,NA,NA,NA,NA,NA,NA,3.517739,NA,4.68427,NA,8.580913,
4,L,332.8,0.0,1.094555,1.15397,1.196808,1.265693,NA,1.630362,1.653767,1.779603,1.892718,1.996212,NA,NA,NA,2.442747,2.556553,NA,NA,3.055853,3.192035,3.307839,3.424133,3.427114,3.572154,3.569823,
5,R,409.8,0.0,NA,0.240423,0.431481,0.547437,0.884487,1.077194,1.839524,3.168806,4.049701,4.681417,5.035607,7.116827,11.511623,11.908432,14.001409,14.309063,15.123003,16.118558,16.74256,17.450271,19.227165,19.781572,20.229193,20.592517,
6,L,486.8,0.0,1.688768,1.763919,NA,1.982423,NA,NA,NA,2.775485,2.916307,3.095135,3.276554,NA,3.741287,4.230084,4.785333,5.48699,6.435437,11.762056,12.744532,13.577629,14.000179,14.259319,15.33888,15.630957,
7,R,561.8,NA,NA,NA,0.0,0.099663,0.332075,0.511972,NA,NA,1.133996,1.310905,1.535659,1.764696,2.056148,2.806049,3.538948,4.350894,5.219915,8.75388,9.85216,10.83748,11.498352,11.664247,12.551585,12.875002,
8,L,664.7,0.0,0.094745,0.176989,NA,NA,NA,NA,NA,NA,NA,NA,NA,NA,NA,NA,NA,NA,NA,NA,6.462725,6.452648,6.474891,6.480553,6.486431,6.498319,
9,L,738.9,0.0,0.21718,0.325437,0.414175,0.520041,NA,0.672193,0.869458,1.118028,NA,NA,NA,2.258931,2.70771,4.030098,6.807551,7.343929,7.764825,8.3171,10.301933,13.666054,14.048666,14.176269,14.452794,14.677672,
10,R,811.1,0.0,0.035837,NA,NA,0.252834,0.59028,0.833125,1.281166,1.707761,2.054695,2.419051,3.072776,3.558002,NA,NA,NA,NA,NA,NA,NA,22.718919,NA,22.713684,22.724743,22.68548,
11,R,886.9,0.0,NA,0.138927,0.219825,0.296603,0.484181,0.855284,1.362734,6.35927,6.604542,9.020004,10.593133,11.798448,13.571012,15.616711,16.789221,17.843647,18.612203,19.172981,20.258965,21.259888,22.470983,22.669573,23.27951,23.523663,
12,L,966.6,0.0,NA,1.484787,NA,NA,1.933678,NA,NA,NA,NA,NA,NA,NA,NA,NA,NA,NA,NA,NA,5.942097,5.930942,5.921252,5.938153,5.899579,5.928259,
13,L,1032.2,0.0,0.00749,0.097133,0.134281,0.181521,0.44318,0.65453,0.835169,1.005318,NA,NA,1.457447,1.643826,1.894079,2.140714,2.833305,7.205878,9.745515,10.378862,13.341043,15.72198,17.191826,17.958347,19.653472,21.076421,
14,R,1113.6,0.0,0.667963,0.918574,1.192756,1.384569,2.037254,2.355975,2.632961,3.210225,3.287621,3.576767,8.402884,NA,NA,NA,NA,NA,NA,NA,NA,14.122308,14.114374,14.125999,14.139593,14.13212,
15,R,1178.6,0.0,0.065037,0.141381,0.167322,0.287404,0.567568,0.795277,1.102001,NA,NA,1.585399,NA,NA,4.979633,5.47005,6.969728,7.822083,8.862506,9.837045,10.731925,11.919358,12.299853,12.539388,13.122312,13.333965,
START_TIME,1585642519.0,
END_TIME,1585643751.0,
TOTAL_TIME,1231.8