BURST_NUMBER,ORIENTATION,START_TIME,Gate0,Gate1,Gate2,Gate3,Gate4,Gate5,Gate6,Gate7,Gate8,Gate9,Gate10,Gate11,Gate12,Gate13,Gate14,Gate15,Gate16,Gate17,Gate18,Gate19,Gate20,Gate21,Gate22,Gate23,Gate24,
1,L,409.7,0.0,0.041294,0.127264,0.210876,0.404498,NA,1.400228,1.951107,3.401956,NA,6.77223,7.685445,8.57967,11.148319,22.373317,23.504224,24.147446,25.96979,28.318417,30.002196,31.07844,32.909428,33.306896,34.074694,34.609732,
2,R,489.8,NA,NA,0.0,0.011993,0.003705,0.355587,0.955445,1.644756,2.095982,2.600888,2.934978,3.245298,3.384959,3.592076,3.74164,NA,NA,5.469039,7.252316,NA,NA,93.166075,NA,93.105951,93.083489,
3,R,607.5,0.0,0.740632,1.039668,1.16787,1.390315,1.908801,2.552085,3.943385,NA,6.099344,7.432849,8.669953,9.594684,NA,NA,NA,14.248374,15.380663,19.919315,21.067256,21.425636,21.757596,21.923202,22.345747,22.78388,
4,L,681.0,0.0,0.04618,0.226389,NA,0.508032,NA,NA,NA,1.106293,1.249598,1.430985,1.566673,1.725014,1.874953,2.063957,2.352821,NA,2.884269,3.072145,3.309175,3.56259,NA,3.794609,NA,4.106954,
5,R,754.6,0.0,0.019954,0.042473,0.101292,0.161494,NA,0.635641,0.846106,1.039145,NA,1.58314,1.713211,1.915709,2.094899,2.277573,2.444439,NA,2.769402,3.039524,3.222504,3.465771,4.990047,7.985595,9.807483,11.624037,
6,L,833.3,0.0,0.266789,0.829005,NA,1.58089,NA,2.443153,2.848477,3.451664,NA,5.289052,6.138205,NA,NA,NA,NA,NA,NA,NA,NA,NA,24.229114,NA,24.200236,24.166482,
7,L,902.8,0.0,0.890832,NA,NA,2.002435,2.207573,2.511213,2.896967,2.987483,3.14077,3.332813,3.521536,NA,NA,4.101302,4.335491,NA,4.901806,5.155825,5.486725,5.816704,6.064579,6.100447,6.656146,6.70831,
8,R,977.0,0.0,NA,0.152721,NA,0.349539,NA,0.672424,NA,NA,1.288898,1.496865,1.722694,1.979365,NA,2.293938,2.487421,2.678787,NA,NA,3.552018,8.882792,9.495447,9.596297,11.753002,12.009676,
9,L,1050.3,0.0,4.411993,4.521908,NA,4.689514,4.902903,5.093693,5.286426,5.446578,5.630121,5.795273,5.980303,6.146134,6.371779,6.533094,6.734779,6.93089,7.100849,7.366482,7.532926,7.808701,NA,8.063915,8.506881,8.525644,
10,R,1121.7,0.0,0.014212,0.100494,0.148789,0.223537,0.435591,0.718899,0.914203,NA,1.633943,1.948201,2.443018,3.312201,3.575285,4.435201,4.972027,5.698431,6.164536,6.634184,7.070594,7.578524,8.070004,8.569606,10.90955,11.623722,
11,L,1203.3,0.0,0.724067,0.812615,0.890792,1.010302,1.198917,1.384593,1.535068,1.676265,1.819104,1.965288,2.096413,2.237664,2.371668,2.544704,2.714069,NA,3.151832,3.42309,3.582669,3.952114,4.573101,5.052023,5.671818,5.93206,
12,R,1270.2,0.0,0.134047,0.257801,0.380254,0.459195,0.619037,0.758785,0.961094,NA,NA,1.386589,NA,NA,NA,NA,NA,2.531012,2.714308,NA,3.146053,3.334836,3.521049,3.880481,8.500192,8.391483,
13,L,1348.0,0.0,0.03399,0.100307,0.14631,0.223894,0.407413,0.585177,0.781433,1.057765,NA,1.651439,1.944628,2.445154,2.451976,2.783267,3.342068,NA,4.62617,5.034294,5.656087,6.116368,6.714562,6.942904,7.551774,7.567157,
14,R,1413.9,0.0,0.107023,0.28236,NA,0.507568,0.602423,0.774899,0.956576,1.118858,1.3032,1.464779,1.625871,1.780265,NA,NA,NA,2.314731,NA,NA,2.792811,2.973087,3.583495,3.878243,6.206944,6.454946,
15,L,1486.5,0.0,0.087495,0.276766,0.340504,0.465193,0.600189,0.769746,0.909017,NA,1.271889,1.345102,1.505448,1.671362,NA,2.021529,2.259111,NA,2.64329,2.785824,NA,3.206475,NA,NA,NA,3.604115,
START_TIME,1585583516.0,
END_TIME,1585585021.0,
TOTAL_TIME,1504.2