BURST_NUMBER,ORIENTATION,START_TIME,Gate0,Gate1,Gate2,Gate3,Gate4,Gate5,Gate6,Gate7,Gate8,Gate9,Gate10,Gate11,Gate12,Gate13,Gate14,Gate15,Gate16,Gate17,Gate18,Gate19,Gate20,Gate21,Gate22,Gate23,Gate24,
1,L,30.0,0.0,0.026201,0.146298,NA,0.443293,NA,NA,1.677429,1.933667,2.24868,2.565472,2.977366,3.339993,3.816634,4.501346,5.634844,6.305911,7.161027,7.871175,8.615161,9.490379,15.318821,15.397073,NA,15.603769,
2,R,80.7,0.0,0.169989,2.249999,2.500043,3.099509,4.020904,5.246525,6.087299,7.765083,10.78283,13.158884,14.88947,15.933097,16.580396,17.067574,17.431383,17.912754,18.320706,18.908987,19.631169,20.418889,21.098466,21.658135,22.148978,22.296309,
3,L,141.9,0.0,0.951927,1.312418,1.73984,2.132994,2.598388,2.945735,3.361024,3.86053,4.19891,5.422019,12.644655,14.33171,16.133719,16.597966,16.933233,17.550978,19.350727,19.850223,20.679009,21.292491,23.590174,23.733798,NA,26.132348,
4,R,230.1,0.0,0.283733,0.74958,0.940609,1.389727,2.271122,3.181895,5.332943,7.105556,8.58894,9.627142,10.585559,11.575284,12.364521,12.708315,NA,15.497469,19.956304,21.63083,22.986635,NA,NA,NA,25.721161,25.76474,
5,L,299.5,0.0,0.016819,0.338867,0.615195,1.012289,1.471306,1.915408,2.270804,2.825841,3.484171,4.159279,4.87192,5.565728,6.18639,6.774329,7.350248,7.99186,8.61162,9.254106,9.762959,10.390947,10.852141,11.134327,11.693888,12.035397,
6,R,372.2,0.0,0.036118,0.273286,0.534955,0.770708,1.345787,1.951721,2.51635,3.072855,3.676961,4.347587,4.868279,5.344054,5.841974,6.337518,6.972443,7.552489,10.867832,11.839876,12.4837,13.631764,14.161919,15.17578,15.596483,18.423206,
7,L,430.8,0.0,0.141312,0.243371,0.455604,0.797381,1.157844,1.611094,1.93728,2.375607,2.899492,3.352848,3.802898,4.213917,4.683342,5.119971,5.540946,6.069636,6.484031,6.943853,7.409372,8.106861,9.079815,13.238299,14.763798,15.668553,
8,L,502.5,NA,NA,NA,NA,NA,NA,NA,NA,NA,NA,NA,NA,NA,NA,NA,NA,NA,NA,NA,NA,NA,0.0,NA,-0.455804,-0.497114,
9,L,576.3,0.0,0.103847,0.193226,0.27071,0.525819,1.200871,4.681746,NA,NA,NA,NA,NA,NA,NA,NA,NA,NA,NA,NA,NA,14.791401,14.797193,NA,14.785937,14.831116,
10,L,640.5,0.0,0.233729,0.452011,0.740782,1.221671,1.734489,2.187444,2.537376,2.990145,3.62721,4.197523,5.104201,5.790216,6.491485,7.131376,7.815373,8.683745,10.429495,14.529537,18.229914,23.388103,24.69522,25.528807,28.477881,28.676286,
11,R,711.2,0.0,0.054555,0.47001,0.620779,0.82967,1.220783,1.637576,2.143618,2.53907,2.883283,3.415932,3.895882,4.391253,4.954325,5.437047,6.035616,6.652428,7.366124,8.311895,12.013016,12.891476,13.740362,13.828088,14.19932,14.520065,
12,L,776.3,0.0,0.271141,0.839487,1.581431,1.947816,3.661147,8.694658,9.514133,10.2756,11.033447,11.619813,12.420543,13.383343,14.129402,15.01074,15.614341,15.934028,16.743434,23.217792,24.422365,27.593407,28.122297,28.332792,28.887524,29.154055,
13,R,848.6,NA,NA,0.0,0.227798,0.539557,0.93902,1.328541,1.933188,2.431377,2.91874,3.332722,3.753939,4.261233,4.985259,5.610415,6.19701,12.844894,13.395102,14.353128,14.965838,15.456892,15.825439,15.877351,16.254029,16.529679,
14,L,917.0,0.0,0.587059,0.733519,0.928092,1.16167,1.45363,1.762129,2.049941,2.330986,2.590651,2.81293,3.122484,3.393418,3.618275,3.862884,4.157606,4.406796,4.680107,4.996784,5.389351,5.708812,6.073138,6.495263,8.549088,12.751293,
15,R,991.7,0.0,0.294382,1.073641,1.889819,2.759607,6.655438,7.855486,8.6826,9.204402,9.439254,9.830637,11.881094,12.193178,13.560477,13.869448,14.520386,15.475294,16.202879,20.440308,21.323344,24.724877,25.298197,25.595019,27.381959,27.379341,
START_TIME,1585629039.0,
END_TIME,1585630083.0,
TOTAL_TIME,1043.6