BURST_NUMBER,ORIENTATION,START_TIME,Gate0,Gate1,Gate2,Gate3,Gate4,Gate5,Gate6,Gate7,Gate8,Gate9,Gate10,Gate11,Gate12,Gate13,Gate14,Gate15,Gate16,Gate17,Gate18,Gate19,Gate20,Gate21,Gate22,Gate23,Gate24,
1,L,41.2,0.0,NA,0.130164,0.357418,0.388373,0.548168,0.752565,1.026675,1.402495,1.751693,2.244426,8.829707,10.773082,12.643387,13.167817,13.584476,15.064898,18.842888,19.453221,20.720663,22.874179,23.240912,23.466029,25.062136,25.36672,
2,R,111.8,0.0,0.246981,0.302926,0.439428,0.751833,1.206711,2.365221,4.345431,5.660232,10.165791,11.671941,13.874847,NA,NA,NA,NA,NA,NA,NA,NA,14.076958,14.097107,NA,14.016727,13.942144,
3,L,186.4,0.0,0.092398,0.151031,0.2229,0.435239,0.80454,1.10363,1.42347,1.986993,NA,3.126254,3.856948,4.77414,6.109092,6.820118,7.677485,8.718936,10.536035,11.661163,13.234053,14.792024,16.478286,17.089989,18.89575,18.911161,
4,R,256.8,0.0,0.027125,0.112155,0.152497,0.308251,0.482206,0.786914,1.053871,1.586219,1.960481,2.670844,3.331582,5.448095,7.399899,7.88833,8.853944,11.365995,12.685843,15.220743,18.225993,19.819177,21.476522,21.707403,22.963121,23.032305,
5,L,329.5,0.0,0.021159,0.146049,0.30238,0.448564,0.702648,0.895152,1.045868,1.21822,1.364051,1.549193,1.836054,1.904644,2.130165,2.498181,3.66697,5.188453,6.624918,7.394362,8.212775,10.09083,10.562185,10.79283,11.38036,11.674184,
6,R,404.5,0.0,0.152391,0.310988,0.44129,0.626487,0.892282,1.250381,1.850534,5.701685,6.84924,NA,NA,NA,NA,NA,NA,NA,NA,NA,9.961624,9.994243,10.030457,10.055991,10.105128,10.138558,
7,R,495.5,0.0,0.046369,0.084903,0.159093,0.246201,0.46045,0.702794,0.893961,1.11061,1.391127,1.72193,2.028414,2.469241,3.0113,4.20411,4.315125,5.113028,5.715739,6.795915,8.309329,9.414314,10.315951,10.50063,NA,14.712806,
8,L,553.6,0.0,0.754806,1.229975,1.421919,1.745688,2.392118,2.798584,3.128503,3.630812,11.957276,12.742272,14.817692,15.461656,16.392091,17.205332,19.106701,20.668222,21.86759,24.470666,25.559484,25.811799,26.012211,26.121598,26.702156,27.299754,
9,R,632.7,0.0,0.11284,0.254547,NA,0.495544,0.770158,1.103387,1.744242,NA,3.993396,16.706787,18.737486,19.903518,20.634825,22.23232,22.839751,23.365469,23.696338,24.381014,27.534868,28.967234,29.164845,29.313307,NA,30.003889,
10,L,701.4,0.0,8.585433,8.648775,8.717765,8.786438,9.166927,9.431101,9.86709,10.378507,10.480668,10.87929,11.348214,11.778485,12.365874,13.372379,14.135811,15.872505,19.33241,22.138425,24.019326,24.844335,25.322332,25.6019,26.204472,26.333043,
11,R,773.8,0.0,NA,0.089658,NA,0.248325,0.376004,0.490394,0.673551,NA,0.961964,1.124511,1.268709,1.445125,1.574812,1.747384,1.916594,2.056908,2.209961,2.405436,2.491796,2.63032,2.725795,2.764475,2.864484,2.896152,
12,L,845.6,0.0,0.59105,0.960947,1.232867,1.616105,2.091757,2.763103,4.179737,5.184433,6.018311,6.506413,6.987763,7.357005,7.580832,7.830159,8.024296,8.261659,8.681317,9.484677,12.312215,14.259064,14.572127,14.962924,NA,15.807233,
13,R,927.0,0.0,0.139177,0.49901,0.650509,1.216695,1.825925,2.675898,4.1427,6.708573,7.567902,8.626236,9.501134,10.662675,11.845969,13.604695,14.936621,16.012637,17.649572,19.725923,21.391406,22.191568,25.325209,25.587403,27.358529,28.049463,
14,L,986.5,0.0,0.631168,0.791386,0.910708,1.088484,1.252475,1.404394,1.554887,1.722108,1.867259,NA,NA,2.640355,3.306506,3.897983,7.144816,8.271548,10.048115,11.009552,13.441406,14.268519,14.869526,15.711856,16.182796,17.1986,
15,R,1057.5,0.0,0.102049,0.220561,0.399404,0.533723,0.634724,0.821048,0.947191,NA,1.224011,1.394847,1.615863,1.826557,2.338173,3.909919,5.525591,7.696529,NA,NA,NA,10.114364,NA,10.1107,10.152175,10.184288,
START_TIME,1585602893.0,
END_TIME,1585603964.0,
TOTAL_TIME,1071.4