BURST_NUMBER,ORIENTATION,START_TIME,Gate0,Gate1,Gate2,Gate3,Gate4,Gate5,Gate6,Gate7,Gate8,Gate9,Gate10,Gate11,Gate12,Gate13,Gate14,Gate15,Gate16,Gate17,Gate18,Gate19,Gate20,Gate21,Gate22,Gate23,Gate24,
1,L,47.0,0.0,18.881108,19.324769,NA,20.203937,21.221088,23.030155,24.381089,25.638222,NA,NA,29.084846,30.153253,NA,32.308613,33.922884,NA,36.784593,40.618647,41.177478,42.26426,42.512825,42.964136,43.492009,43.748853,
2,R,121.7,0.0,3.352038,3.669095,3.91888,4.438339,5.051974,5.540302,6.198157,7.081329,7.625972,8.552758,9.602678,15.024106,16.418275,18.338774,19.157088,20.824669,24.266804,27.088067,29.698526,30.987611,34.291127,34.453074,35.173645,35.593717,
3,L,196.1,0.0,0.237786,0.521974,0.717886,1.058554,1.589727,2.845233,3.663624,4.520261,5.291309,6.651275,14.537337,15.978015,16.574981,17.16116,17.473495,17.95123,18.429283,19.073587,19.726133,22.902096,22.982035,NA,-0.909917,24.386857,
4,R,272.0,0.0,NA,0.374654,0.486334,0.715041,1.400495,1.951668,3.021153,4.400376,6.115942,9.565492,11.775452,12.569495,13.449163,16.377211,17.841999,18.151905,19.758265,24.827742,26.014393,26.805817,28.765941,29.209441,29.865353,30.187381,
5,L,342.4,0.0,0.073374,0.213467,0.389886,0.557536,1.008191,1.154346,1.697859,2.828098,9.725711,10.517208,11.590135,12.470965,12.835947,13.336818,13.847371,15.203043,16.453873,16.945593,17.315805,18.038697,20.143159,20.473672,20.636595,20.749309,
6,R,420.3,0.0,0.043725,0.13117,0.181057,0.238495,0.421482,0.709209,1.144105,1.569934,1.98782,2.303181,3.364708,7.262629,7.646158,8.089703,9.255906,10.533866,11.867612,13.620731,16.49201,16.743151,21.392086,21.829163,22.924205,23.396741,
7,L,500.1,0.0,0.078594,0.142127,NA,0.392474,1.845157,NA,2.750624,3.160673,3.672356,4.223925,5.021563,5.257123,5.629837,5.951136,6.494564,NA,7.562125,7.848765,8.420285,9.004545,9.442961,9.710263,10.248722,10.736716,
8,L,556.8,0.0,-0.006836,4.371005,4.379535,4.402896,4.430349,4.466422,4.501266,4.572645,6.799995,6.829287,6.861931,6.898776,6.94181,6.957166,7.017046,7.023757,7.060789,7.122351,7.138698,7.170229,7.206022,7.203526,NA,7.253402,
9,R,582.1,0.0,NA,0.144908,0.165533,0.287748,0.436752,0.868556,1.318303,1.663713,1.931298,2.178193,2.43038,2.63198,2.893339,3.13249,3.467961,4.073977,4.645184,5.086133,5.436643,7.340434,11.606351,11.878726,13.994612,15.002635,
10,L,688.0,0.0,0.645401,1.358097,4.09861,4.890023,8.494774,10.313066,11.482338,12.439661,13.005838,13.924579,14.756689,20.899073,21.533156,22.537932,25.11404,25.934849,26.494468,27.930038,28.971739,30.099146,30.776172,30.909164,NA,31.267131,
11,L,747.0,NA,NA,NA,NA,NA,NA,NA,NA,NA,NA,NA,NA,NA,NA,NA,NA,NA,NA,NA,NA,NA,NA,0.0,NA,-0.808532,
12,L,807.6,0.0,0.043715,0.306501,0.712572,0.688531,1.488109,2.082457,2.473179,2.752809,2.988178,3.176093,NA,NA,3.725032,3.910231,4.119706,NA,4.698186,4.866829,5.117469,5.388741,5.552412,5.644735,NA,5.8242,
13,R,880.3,0.0,NA,0.834699,1.176629,1.714832,2.794535,6.191375,8.026865,8.769896,9.676951,12.192321,19.594353,NA,NA,NA,NA,NA,NA,NA,20.881314,20.91426,20.94557,20.970352,20.990673,21.023188,
14,R,955.9,0.0,NA,2.93539,3.222989,3.624905,4.344631,5.397219,6.282774,9.46807,10.33813,11.17872,12.054579,15.497459,16.785003,17.566056,18.325366,19.146174,20.507271,24.785338,25.927441,NA,26.996708,27.224517,29.828657,30.791496,
15,L,1015.1,0.0,0.291566,1.152038,8.000779,8.032303,8.076379,8.128391,8.155263,8.220552,8.268169,8.287805,8.33388,8.362576,8.402962,8.444578,8.485257,8.527048,8.571252,8.602097,8.631968,8.682885,8.715409,8.718553,NA,8.780776,
START_TIME,1585585771.0,
END_TIME,1585586809.0,
TOTAL_TIME,1037.7