BURST_NUMBER,ORIENTATION,START_TIME,Gate0,Gate1,Gate2,Gate3,Gate4,Gate5,Gate6,Gate7,Gate8,Gate9,Gate10,Gate11,Gate12,Gate13,Gate14,Gate15,Gate16,Gate17,Gate18,Gate19,Gate20,Gate21,Gate22,Gate23,Gate24,
1,L,140.3,0.0,0.180905,0.270857,0.283754,0.384802,NA,NA,NA,NA,NA,NA,NA,NA,NA,10.023516,NA,NA,12.272021,18.946779,19.854613,20.749566,21.489342,21.773495,23.371245,23.589269,
2,R,214.7,0.0,0.83831,1.254747,NA,NA,4.022411,NA,NA,NA,NA,NA,NA,NA,NA,NA,NA,NA,NA,NA,NA,NA,37.737485,NA,37.645369,37.616859,
3,R,326.7,0.0,0.06499,0.201071,NA,NA,NA,NA,NA,NA,NA,NA,NA,NA,NA,NA,NA,NA,NA,NA,NA,NA,NA,NA,0.940033,0.922286,
4,L,380.7,0.0,0.728504,1.366533,NA,2.297019,27.877618,NA,NA,NA,NA,NA,NA,NA,NA,NA,NA,NA,NA,NA,NA,NA,NA,NA,NA,54.073834,
5,L,459.8,0.0,0.141703,0.428184,0.668426,1.230793,1.797652,NA,3.94382,4.509142,NA,24.797582,35.091393,35.449358,NA,35.676605,35.951442,36.401099,37.436595,NA,NA,NA,NA,NA,NA,37.957404,
6,R,541.8,0.0,0.055688,0.23361,0.422976,0.745288,1.267174,1.860903,2.917059,4.466763,6.046148,NA,NA,NA,NA,NA,NA,NA,NA,NA,NA,NA,NA,NA,NA,13.498481,
7,R,616.1,0.0,0.216443,0.663586,0.887167,1.256776,7.050291,7.902756,9.962896,15.475939,18.107543,18.81539,19.979168,20.622615,21.681707,22.302691,23.804388,24.78017,25.811111,28.422189,29.583584,30.31769,31.263412,31.902957,33.92924,34.946497,
8,L,778.1,0.0,0.031811,0.176509,NA,0.714387,1.379268,2.432371,NA,NA,NA,NA,NA,NA,NA,NA,NA,NA,NA,NA,NA,NA,NA,NA,NA,35.510906,
9,R,1029.1,0.0,0.329207,1.104736,1.491751,2.177855,4.863816,7.178091,9.964095,NA,NA,NA,NA,NA,NA,NA,NA,NA,NA,NA,NA,NA,NA,NA,NA,26.831261,
10,R,1121.4,0.0,0.314711,0.427844,0.579805,0.821906,1.277765,1.762055,2.707182,NA,4.041878,4.622824,NA,6.331375,7.051799,8.018097,11.823618,13.701739,15.457368,16.625514,20.309114,21.76612,22.409638,22.694415,23.117223,23.570779,
11,L,1193.3,0.0,6.515468,6.601641,NA,6.836299,NA,NA,7.448951,8.297599,8.424532,9.356941,9.831095,10.430857,11.107376,12.066231,NA,NA,16.468758,17.284342,26.966823,28.842309,29.761061,29.950512,31.797617,32.00309,
12,R,1255.2,0.0,0.070298,0.114208,0.161669,0.291433,0.469626,0.647146,0.872965,NA,2.131279,3.055313,NA,NA,6.304885,NA,11.563152,13.096027,15.870078,17.270386,18.855838,20.749632,24.49892,25.158244,NA,25.973084,
13,L,1324.7,0.0,0.736966,NA,NA,6.558399,NA,NA,NA,NA,NA,NA,NA,NA,NA,NA,NA,NA,NA,NA,NA,NA,NA,NA,NA,9.480794,
14,L,1400.3,0.0,0.165437,0.494693,0.670256,1.137312,35.33981,39.16199,39.533616,39.902621,40.266466,40.687015,41.767872,43.728686,45.542713,46.168832,46.458454,55.005593,56.49866,57.877881,62.394132,64.272742,65.122493,65.616029,66.053086,66.478043,
15,R,1495.3,0.0,NA,0.393733,NA,0.925048,NA,NA,NA,NA,NA,NA,NA,NA,NA,NA,NA,NA,NA,NA,NA,NA,NA,NA,NA,28.229284,
START_TIME,1585607694.0,
END_TIME,1585609225.0,
TOTAL_TIME,1530.4