BURST_NUMBER,ORIENTATION,START_TIME,Gate0,Gate1,Gate2,Gate3,Gate4,Gate5,Gate6,Gate7,Gate8,Gate9,Gate10,Gate11,Gate12,Gate13,Gate14,Gate15,Gate16,Gate17,Gate18,Gate19,Gate20,Gate21,Gate22,Gate23,Gate24,
1,L,95.2,NA,NA,NA,NA,NA,NA,NA,NA,NA,NA,NA,NA,NA,NA,NA,0.0,NA,NA,NA,NA,-0.665718,NA,NA,-0.87791,-1.115567,
2,L,166.8,0.0,0.932865,1.213849,1.409937,1.730545,2.22774,2.63567,3.128478,3.774707,4.403638,4.883834,5.166754,5.599732,6.050643,6.387564,6.79819,7.510047,8.02564,8.472942,8.989621,11.190186,11.83833,12.1506,13.661534,13.903521,
3,R,256.2,0.0,0.109865,0.226391,0.294817,0.427401,0.598635,0.826043,1.032289,1.267164,1.547403,1.887974,2.191993,2.456604,2.780544,NA,NA,3.823639,4.32372,NA,5.405656,12.555909,NA,13.172811,15.564254,15.644743,
4,L,326.2,0.0,1.695001,1.711708,NA,2.461153,3.145857,3.871014,4.349739,5.141893,8.44602,11.345086,11.787711,12.263575,14.262051,14.474204,15.587798,16.404531,18.926112,19.605182,21.909294,22.042363,23.103849,24.110756,24.836343,26.759127,
5,R,385.2,0.0,0.096394,0.447051,0.592316,0.832158,1.272071,1.568159,1.918815,2.227368,2.75195,3.100551,3.750432,4.508601,5.339155,NA,NA,7.755425,8.605263,11.471497,12.135721,12.606484,14.538135,14.70148,17.293071,17.475209,
6,L,459.2,0.0,0.110588,0.209532,0.32239,0.486876,0.697881,0.97531,1.233078,1.550729,1.998582,2.3855,NA,NA,4.167896,4.603153,5.455043,6.184208,9.881107,10.698828,11.516232,12.443345,13.483328,13.792533,15.27511,15.532393,
7,R,549.8,0.0,0.058544,0.301993,0.529323,0.671958,1.036012,1.290463,1.596704,1.881306,2.115504,2.406428,2.721894,2.968289,3.246868,3.522372,NA,4.382497,4.631924,5.055387,5.860175,6.682295,7.65626,8.22374,9.241718,10.912436,
8,L,613.2,0.0,NA,NA,NA,NA,NA,NA,NA,NA,NA,NA,NA,NA,NA,NA,NA,NA,7.549329,7.558442,7.629819,7.657065,7.674446,7.709494,7.746269,7.777776,
9,L,677.2,0.0,10.330295,11.228937,12.254422,15.207308,16.782984,17.659319,18.060624,18.79368,19.490334,19.884492,20.377824,21.033169,21.876489,26.312544,36.293239,38.744997,40.385302,41.400495,NA,42.344134,45.001072,45.310551,45.606408,45.972724,
10,R,937.5,0.0,0.402856,0.794473,0.890561,1.285445,1.863069,NA,2.529607,2.849262,3.196414,3.609598,4.133922,4.741674,5.214512,5.490161,5.916694,6.265801,6.583988,6.891746,7.182958,7.612443,8.353646,14.404208,16.061786,16.624659,
11,L,1008.1,0.0,0.275907,0.80676,1.019837,1.492443,2.364049,NA,4.462306,5.341053,NA,7.780686,9.726686,11.789298,17.525046,17.975132,18.487859,NA,NA,NA,NA,17.848675,24.258799,24.455961,24.91858,25.10713,
12,R,1091.7,0.0,0.195681,0.31167,0.565195,0.73976,0.949655,1.288514,1.770402,2.009498,2.443359,2.933166,3.076274,3.351272,3.668705,NA,4.486994,5.030348,9.499532,10.010427,10.469617,10.91219,11.370283,12.02261,12.886397,13.198243,
13,L,1150.1,NA,0.0,0.153762,0.351101,0.522999,0.742938,1.023909,1.507894,1.745363,2.071492,2.567072,3.068053,3.402397,3.881056,4.337586,4.742888,5.300633,5.735638,6.292742,7.043301,9.738266,9.927671,10.040027,10.387613,10.548194,
14,R,1216.6,0.0,0.126354,0.266623,0.340095,0.577147,0.841912,1.138828,1.433889,1.724011,2.164349,NA,NA,3.016387,3.355213,NA,4.673846,5.467178,6.398865,8.566803,9.086758,10.02185,10.855733,11.137976,11.491651,11.861393,
15,L,1300.0,0.0,0.24706,0.542036,NA,1.007644,1.242576,1.522271,1.727601,1.909095,2.083807,2.293449,2.519031,2.769617,3.064599,3.3476,3.791813,NA,4.596339,4.937294,5.800032,7.832244,7.875489,7.893518,7.941268,7.952413,
START_TIME,1585604980.0,
END_TIME,1585606306.0,
TOTAL_TIME,1325.9