BURST_NUMBER,ORIENTATION,START_TIME,Gate0,Gate1,Gate2,Gate3,Gate4,Gate5,Gate6,Gate7,Gate8,Gate9,Gate10,Gate11,Gate12,Gate13,Gate14,Gate15,Gate16,Gate17,Gate18,Gate19,Gate20,Gate21,Gate22,Gate23,Gate24,
1,R,342.6,0.0,-0.022439,NA,0.175174,0.3398,0.723474,1.070941,1.380997,1.709955,2.006166,2.400504,2.963556,3.582296,4.829242,6.498445,8.905555,10.073632,12.410792,15.46213,17.553017,18.672726,20.540636,20.640875,23.625005,23.937703,
2,L,417.6,0.0,0.124767,1.12624,1.287202,1.599276,2.020527,2.436389,3.429492,4.097199,4.759857,5.359743,6.343977,7.328671,16.18287,17.143057,17.944481,NA,NA,NA,NA,13.464708,NA,24.788007,NA,26.629867,
3,R,489.6,0.0,0.032558,0.075189,0.119373,0.17197,0.249216,0.434935,0.866855,1.116974,1.497568,1.844756,2.07084,2.391412,2.9775,8.273073,8.839038,9.676774,10.185675,10.869606,12.255998,13.093946,14.470281,15.309626,16.186542,16.674291,
4,L,589.9,0.0,0.087701,0.145839,0.238845,0.277541,0.515911,0.906136,1.404345,1.907887,2.614229,3.41587,NA,NA,NA,NA,NA,NA,NA,NA,22.022569,22.01054,22.032767,21.998885,22.025827,22.005718,
5,L,675.6,0.0,0.184258,0.255139,0.331174,0.420855,0.597072,0.767659,1.043995,1.368,NA,2.004584,2.335333,2.689487,3.201394,3.648024,4.642154,6.319938,6.840047,9.256296,10.939352,12.372544,13.820546,14.118807,15.125378,15.273292,
6,R,727.3,0.0,0.181752,NA,0.584449,0.630993,0.822454,1.217071,2.305798,3.136969,4.596829,7.861395,NA,NA,NA,NA,NA,NA,NA,NA,NA,NA,9.009839,8.993535,9.004915,8.946715,
7,R,798.0,0.0,0.042487,0.118399,0.181713,0.257954,0.35214,0.493274,0.868805,NA,NA,1.880286,NA,2.616112,3.496409,4.163217,5.634183,9.309029,11.661451,12.946796,15.620411,19.754763,21.498264,22.018229,22.582063,24.375133,
8,L,869.7,0.0,8.98206,9.177179,9.483245,9.875639,10.548396,11.214782,11.726753,12.530814,13.546255,14.587753,15.322223,15.91416,16.615699,22.149702,23.528249,NA,NA,NA,NA,20.400937,41.167934,42.007514,43.349586,44.140044,
9,R,944.1,0.0,0.034806,0.097832,0.21007,0.300886,0.423704,0.802324,1.389484,2.057374,4.329236,7.436767,NA,NA,NA,NA,NA,NA,NA,NA,NA,NA,NA,NA,NA,11.792551,
10,R,1024.4,0.0,6.452373,7.822227,8.205446,8.320449,8.474385,8.72211,9.099791,NA,10.472939,11.39853,14.389588,18.529587,19.750837,21.968735,25.37496,27.441048,29.863147,31.71565,33.115687,34.961398,35.58169,35.896403,36.637755,36.813756,
11,L,1094.7,NA,NA,NA,NA,NA,NA,0.0,0.210577,0.713028,NA,NA,2.472959,3.721726,8.530376,9.765614,10.663779,NA,NA,NA,NA,11.164907,18.377849,18.965834,19.64493,20.082566,
12,R,1161.7,0.0,0.186593,0.170747,0.292516,0.524518,0.760119,1.058599,1.355367,1.486375,1.694091,1.928885,2.588418,3.233094,5.4195,6.843762,7.250499,7.722032,9.470374,10.800252,11.453289,12.105467,12.739437,12.904079,13.413178,13.834903,
13,L,1229.5,0.0,0.87127,0.933159,0.982723,1.030855,1.100434,1.193353,1.28657,1.538988,1.765884,2.05019,2.435431,3.066607,3.165969,3.520915,4.031841,4.700077,5.322126,5.835452,6.543153,8.536408,12.445442,12.754953,12.956464,13.088699,
14,R,1299.2,0.0,0.888801,0.994141,1.007605,1.102502,1.235878,1.788736,2.188271,2.878579,3.686077,4.885531,8.609699,9.187919,9.896803,11.879776,12.64837,15.974399,18.19691,18.877686,20.079567,25.566905,26.077681,26.246245,27.462293,27.867121,
15,L,1373.8,0.0,0.890705,1.149584,1.340905,1.820894,6.585277,NA,NA,9.235451,NA,NA,NA,NA,NA,NA,NA,NA,NA,35.133031,NA,35.162176,35.244137,NA,35.214839,34.389271,
START_TIME,1585631273.0,
END_TIME,1585632683.0,
TOTAL_TIME,1410.6