BURST_NUMBER,ORIENTATION,START_TIME,Gate0,Gate1,Gate2,Gate3,Gate4,Gate5,Gate6,Gate7,Gate8,Gate9,Gate10,Gate11,Gate12,Gate13,Gate14,Gate15,Gate16,Gate17,Gate18,Gate19,Gate20,Gate21,Gate22,Gate23,Gate24,
1,L,200.5,0.0,0.027133,0.09887,0.171778,0.245496,0.40146,0.569713,0.745561,NA,NA,2.015171,2.402045,2.756581,3.232172,3.883158,4.459871,4.855688,5.248319,5.721203,6.344624,6.973017,8.06051,NA,-5.041977,9.012003,
2,R,282.3,0.0,0.225882,0.673196,0.998791,1.710088,2.803271,3.879741,4.831117,5.73537,6.266155,6.926381,7.966751,8.8969,10.530668,11.489262,12.745735,15.923,17.292265,18.768196,20.246752,21.779865,22.218044,22.498626,23.312498,23.495629,
3,L,372.9,0.0,0.144977,0.405125,0.725935,1.162596,1.952657,2.45855,2.897604,3.33709,NA,5.225189,6.662471,8.135735,8.775961,9.182563,NA,10.018153,10.456679,10.844284,11.249284,11.621126,11.821182,11.973357,12.757981,13.835493,
4,R,429.8,0.0,0.037482,0.123979,0.188467,0.346707,0.531684,0.658468,NA,NA,NA,NA,1.377367,1.522165,1.642545,1.778675,1.94447,2.103492,2.234063,2.401621,2.570195,2.797036,NA,3.010834,3.296858,3.311637,
5,L,505.7,0.0,10.100644,10.217927,10.292229,10.386238,11.144585,11.542116,11.997303,12.27279,NA,12.9516,13.225392,13.534368,13.931267,14.300289,14.800064,15.570505,16.151158,17.330031,18.258589,21.001134,24.907519,25.230405,25.723739,25.755153,
6,R,581.8,0.0,0.057418,0.179726,0.241836,0.390303,0.53549,0.743368,0.878589,1.027136,1.193464,1.359329,1.525893,1.676761,1.901046,2.082425,2.3269,2.774052,3.704052,4.239578,4.820659,5.962762,7.656819,8.176887,9.596453,10.43369,
7,L,643.7,0.0,0.49933,1.059074,NA,1.596404,2.475315,2.51846,8.798698,NA,NA,NA,NA,NA,NA,NA,NA,NA,NA,NA,10.233312,10.250519,10.261986,10.290116,10.314513,10.328955,
8,L,721.9,0.0,0.057846,0.134925,0.192132,0.25225,0.434836,0.587577,0.78818,1.016689,NA,1.411411,1.559191,1.803223,NA,2.117398,2.264375,2.409888,2.626362,3.039251,7.304922,8.107321,8.299895,8.332749,8.649906,8.764633,
9,R,799.5,0.0,0.043406,0.119517,0.138516,0.197977,0.371702,0.530885,NA,0.903746,1.054677,1.231886,1.381401,1.528416,1.681936,1.873961,NA,NA,2.787272,2.983123,4.505479,7.615795,9.37638,9.495636,12.804778,14.738582,
10,L,865.3,0.0,NA,NA,NA,0.29073,0.467624,NA,NA,1.114805,NA,1.420263,1.575549,1.731916,1.88191,2.072129,2.404353,2.662006,4.322948,9.457288,14.678948,15.537987,16.208337,16.602069,18.23236,18.910921,
11,R,938.1,0.0,0.182795,0.354726,0.460688,0.625145,1.038056,1.559658,2.234571,2.946632,3.947646,5.163768,NA,NA,NA,NA,NA,NA,NA,12.487419,12.507652,12.548802,12.576102,12.590731,12.641475,12.656434,
12,R,1008.7,NA,NA,0.0,0.085257,0.254528,0.737878,1.569066,2.246729,2.88686,4.809038,5.643459,6.622901,7.283006,8.454052,9.114201,9.673025,11.475558,12.632175,16.599458,17.383437,18.130914,20.605946,21.452709,23.150677,23.512747,
13,L,1079.0,0.0,15.919429,16.429967,16.729712,16.931644,17.376456,17.857182,18.766055,19.353244,19.948245,20.495687,21.040138,21.568415,22.364792,29.373861,30.20597,32.034301,32.609269,33.918442,34.895365,35.780137,36.924055,NA,21.362019,38.952748,
14,R,1150.9,0.0,0.123334,0.389631,0.567679,0.702361,0.962261,1.215393,1.430291,1.751893,2.478543,4.166683,5.813923,6.804388,7.574688,8.165054,8.875279,9.661654,14.598135,15.826278,16.306562,17.010575,17.97612,20.276228,20.788003,20.950914,
15,L,1222.4,0.0,15.463535,15.704532,NA,16.016898,16.342024,16.667033,16.929321,17.436486,17.538078,17.850264,19.547771,NA,25.519598,25.525109,25.571702,25.616829,25.658217,25.701938,25.739921,25.790745,25.825285,25.838765,25.860845,25.890824,
START_TIME,1585593059.0,
END_TIME,1585597333.0,
TOTAL_TIME,4274.5