BURST_NUMBER,ORIENTATION,START_TIME,Gate0,Gate1,Gate2,Gate3,Gate4,Gate5,Gate6,Gate7,Gate8,Gate9,Gate10,Gate11,Gate12,Gate13,Gate14,Gate15,Gate16,Gate17,Gate18,Gate19,Gate20,Gate21,Gate22,Gate23,Gate24,
1,R,83.8,0.0,0.051182,0.091326,0.152773,0.410325,0.815516,1.291255,1.883456,2.446531,3.198903,3.445942,3.812702,NA,4.429865,4.566631,4.795649,5.008544,5.194639,5.395579,5.734561,6.352663,13.738271,14.543951,15.102683,15.26563,
2,L,154.2,0.0,15.977463,16.068509,16.084617,16.176164,NA,17.07177,17.657437,19.552372,22.71619,22.909861,24.446584,26.437377,26.667502,28.346376,29.587971,30.107597,30.868985,NA,31.024988,33.823798,34.777787,34.995341,35.440514,36.025666,
3,R,225.3,0.0,0.080972,0.114683,NA,0.242749,NA,0.58917,0.826968,1.208624,2.078787,2.55636,3.07643,4.211366,8.467685,10.835566,11.877344,13.036278,15.786898,19.604683,20.741851,21.720058,22.582314,22.80196,23.324979,23.762703,
4,L,305.5,0.0,NA,1.113306,12.780452,14.291413,18.684881,NA,NA,NA,NA,NA,NA,NA,NA,NA,NA,NA,NA,NA,NA,26.511599,26.551729,26.598996,26.644603,26.613306,
5,L,378.5,0.0,0.355938,0.568735,NA,1.172569,NA,NA,NA,3.209548,4.132291,5.187337,5.456052,NA,6.901992,7.417708,8.064165,8.71371,11.466459,14.221561,14.981393,15.806123,16.412807,16.57546,17.496331,17.576654,
6,R,445.6,0.0,0.027076,0.092548,NA,0.269479,0.535255,0.780697,NA,NA,NA,NA,2.213463,2.513751,2.926213,NA,4.112508,4.791518,11.075018,12.122688,14.012618,16.603342,17.368256,18.464658,19.030395,20.031212,
7,L,524.9,0.0,NA,5.173704,5.378001,5.871824,NA,7.736062,9.355982,16.08947,NA,NA,NA,NA,NA,NA,NA,NA,NA,NA,NA,NA,NA,NA,NA,23.718505,
8,L,593.8,0.0,NA,0.695874,NA,1.905578,11.216966,12.144979,13.398011,14.40562,14.678732,15.306941,NA,16.732837,17.522999,18.298942,21.087784,NA,NA,NA,NA,NA,NA,NA,NA,23.388151,
9,R,668.2,0.0,0.276587,0.736371,1.107071,1.483018,2.162038,3.068253,NA,16.962699,NA,NA,NA,NA,NA,NA,NA,NA,NA,NA,NA,NA,NA,NA,NA,19.288499,
10,R,736.1,0.0,0.032839,0.074262,0.104724,0.166151,0.332967,0.636653,0.922859,1.126003,NA,2.102496,NA,3.361647,4.713005,10.31529,11.13225,11.972069,13.383435,14.122741,16.173525,17.207837,17.815248,18.354069,18.764785,18.911792,
11,L,809.6,0.0,NA,0.542397,1.103859,2.248176,NA,NA,NA,NA,NA,NA,NA,NA,NA,NA,NA,NA,NA,NA,NA,NA,NA,NA,NA,7.619603,
12,L,877.6,0.0,0.252941,1.053015,1.66128,2.095829,2.466842,3.017992,3.63673,5.075675,NA,NA,7.524008,7.949107,8.634272,9.140618,10.00581,19.948342,21.992827,NA,23.561074,26.409613,27.664479,28.370561,29.402224,29.730985,
13,R,957.9,0.0,0.311609,0.894167,NA,NA,5.331582,NA,NA,NA,NA,NA,NA,NA,NA,NA,NA,NA,NA,NA,NA,NA,NA,NA,NA,15.652293,
14,R,1023.8,0.0,0.066493,0.104404,0.16379,0.237629,0.563161,0.885193,1.153177,1.461882,NA,2.102455,2.88897,3.274162,3.755581,4.369204,5.03198,5.716681,7.144121,9.376942,10.614216,12.783371,13.405214,14.718872,15.385466,15.799961,
15,L,1134.7,0.0,0.125848,0.352501,0.567973,0.758033,1.213902,1.753768,NA,NA,NA,NA,NA,NA,NA,5.692822,6.434006,NA,NA,NA,NA,NA,NA,NA,NA,14.291394,
START_TIME,1585613022.0,
END_TIME,1585614176.0,
TOTAL_TIME,1154.6