BURST_NUMBER,ORIENTATION,START_TIME,Gate0,Gate1,Gate2,Gate3,Gate4,Gate5,Gate6,Gate7,Gate8,Gate9,Gate10,Gate11,Gate12,Gate13,Gate14,Gate15,Gate16,Gate17,Gate18,Gate19,Gate20,Gate21,Gate22,Gate23,Gate24,
1,L,89.9,0.0,0.105836,0.286039,0.378798,0.770926,1.216337,1.795774,2.354318,2.923121,3.559359,3.823273,4.736427,5.13155,NA,NA,NA,NA,NA,NA,NA,NA,NA,NA,NA,27.994855,
2,L,161.7,0.0,3.014774,3.320688,3.584393,NA,13.073323,NA,NA,NA,NA,NA,NA,NA,NA,NA,NA,NA,NA,NA,NA,20.770376,20.752677,20.791409,NA,20.820681,
3,L,204.4,0.0,3.672057,3.846387,4.00486,4.174999,NA,NA,NA,8.405435,11.659622,13.921876,14.357711,14.973859,16.41038,17.087981,17.922334,18.415964,19.27406,20.596862,21.523117,22.159641,22.58049,22.757898,NA,23.542072,
4,R,255.4,0.0,NA,NA,0.528659,NA,1.332973,2.618407,3.955728,NA,9.286042,NA,NA,NA,NA,NA,NA,13.184209,NA,NA,NA,NA,NA,NA,NA,44.556954,
5,R,369.3,0.0,NA,0.189643,0.193794,0.260552,0.396731,0.480076,NA,NA,0.964525,1.124681,NA,1.482901,1.828501,2.51724,3.595608,NA,NA,NA,NA,NA,NA,NA,NA,16.951265,
6,R,441.6,0.0,NA,3.438891,3.522762,3.776211,4.331278,4.784432,5.58955,7.586213,8.833809,9.982248,26.689818,27.056391,27.769107,29.193437,30.625533,31.261416,32.117328,NA,NA,NA,33.390732,NA,NA,33.627089,
7,L,538.9,0.0,0.027922,0.169962,NA,0.31279,0.500171,0.932788,12.487912,15.328995,NA,NA,NA,NA,NA,NA,NA,NA,NA,NA,NA,33.626003,NA,33.623151,33.647269,33.642697,
8,L,591.5,0.0,0.043874,0.197148,0.287606,0.490121,0.791601,1.426639,1.964701,2.886149,3.789731,4.890701,5.911284,37.583922,38.062778,38.509816,38.9001,39.372227,39.999156,40.495276,40.977202,41.592892,43.241123,43.57383,44.095983,44.906037,
9,R,665.6,NA,NA,NA,NA,0.0,0.164782,0.319711,0.427218,0.537368,NA,0.834929,0.94562,1.117591,NA,1.493176,1.811201,18.352904,23.384425,25.749922,NA,NA,26.240866,29.472784,30.078147,30.158595,
10,L,736.6,0.0,0.092961,0.332136,NA,0.710127,1.451145,2.133478,2.85116,4.708092,13.417845,14.45651,15.758931,25.060225,25.86731,27.804839,28.930649,29.461752,48.329143,48.693049,49.266806,50.492157,51.198512,NA,20.02311,52.856755,
11,R,835.6,NA,NA,0.0,0.073144,0.216477,0.396668,0.614405,0.801782,1.065051,1.563305,2.192351,3.282957,4.175982,5.259417,6.377925,19.251582,27.670991,28.418943,30.575572,32.266633,34.250556,35.243888,35.847176,36.826359,37.354393,
12,L,937.2,0.0,0.029706,0.127615,0.188419,0.266065,0.452376,0.593233,0.827772,1.438561,NA,NA,NA,NA,NA,NA,NA,NA,NA,NA,NA,NA,4.123585,NA,4.092034,8.541753,
START_TIME,1585579551.0,
END_TIME,1585581324.0,
TOTAL_TIME,1773.3