BURST_NUMBER,ORIENTATION,START_TIME,Gate0,Gate1,Gate2,Gate3,Gate4,Gate5,Gate6,Gate7,Gate8,Gate9,Gate10,Gate11,Gate12,Gate13,Gate14,Gate15,Gate16,Gate17,Gate18,Gate19,Gate20,Gate21,Gate22,Gate23,Gate24,
1,L,76.1,0.0,0.149253,0.265248,NA,0.580661,NA,NA,1.17357,NA,NA,NA,NA,4.175776,5.183001,6.043354,7.172908,9.019085,18.655295,19.078379,19.259916,19.467267,19.606241,19.696319,19.944793,20.07332,
2,R,149.2,0.0,NA,0.226645,0.243108,0.342351,0.581119,0.871256,1.082009,NA,1.907677,2.33358,2.719866,3.133102,3.655109,4.237572,5.229784,6.14918,7.084043,12.864525,13.582313,15.214542,NA,15.616698,NA,15.966619,
3,L,202.3,0.0,0.610466,0.763983,NA,1.108966,1.376873,1.672993,1.831446,2.036684,2.224871,2.397651,2.857675,3.234856,3.961349,10.486998,11.478041,12.100119,12.700272,13.884337,14.797961,15.266145,NA,15.739865,17.807232,18.22502,
4,R,276.1,0.0,0.16626,0.373986,0.543975,0.723647,0.989904,1.406914,1.939983,NA,3.288122,4.197693,5.198607,6.033833,7.047726,7.632599,8.273915,8.854867,10.4915,14.86325,15.883015,18.731983,20.562581,20.682509,24.134765,24.44142,
5,L,345.5,0.0,NA,0.352005,NA,0.729524,NA,0.917078,1.170235,1.571333,1.67788,2.165168,2.612131,2.91653,4.215475,8.813882,9.58378,10.118255,10.792485,11.354405,12.471082,14.953167,15.751657,16.193662,18.176823,18.863014,
6,R,414.1,0.0,0.222843,0.336623,0.612625,0.676139,0.997742,1.439135,1.79897,2.919739,4.052407,5.666285,9.817243,10.429706,11.335676,11.412912,12.496543,13.012837,13.369387,15.678598,16.376125,17.370591,20.070181,20.2215,22.091039,22.397062,
7,L,486.0,0.0,0.149677,0.491493,NA,0.720716,1.005482,1.248738,1.48187,1.876216,2.770101,5.479276,6.714488,8.430716,11.170819,15.727487,16.944884,NA,17.168178,22.724392,23.250609,24.52177,25.36248,25.607619,26.856053,27.961825,
8,R,569.2,0.0,0.107749,0.276468,0.38743,0.622248,0.842615,1.123696,1.460132,1.697841,1.931187,2.32789,2.905934,4.703049,7.961032,9.465926,10.885204,14.479212,17.193721,18.489499,20.525497,22.403992,22.982984,24.882723,26.383284,27.126945,
9,L,640.8,0.0,0.632707,0.831767,NA,1.284128,1.417483,1.803735,2.96884,NA,4.678681,6.566967,13.328906,13.982672,14.798852,15.457003,15.826485,17.101775,18.184769,19.146263,21.080421,22.012796,24.079454,24.341724,25.224659,25.711364,
10,R,710.9,0.0,0.03696,0.148714,0.226805,0.428653,0.675428,1.129134,1.499249,1.876598,2.333469,2.90739,3.330036,3.686891,4.040496,4.646021,6.61756,8.588578,9.748724,12.444872,13.316391,14.322979,18.260648,18.353837,18.801916,19.162921,
11,L,778.3,0.0,0.644669,0.786021,NA,0.996277,1.25991,1.580736,2.445185,5.336236,8.282797,9.850593,10.663833,12.435132,13.56265,14.891372,17.476204,NA,17.966856,20.452049,23.321747,24.5618,26.03973,26.291082,28.104585,28.349233,
12,R,853.6,0.0,0.049174,0.127393,0.200553,0.367247,0.566869,0.768321,1.00416,1.274806,NA,1.776089,2.084212,2.414566,3.587645,4.513251,5.388516,6.045068,7.123087,11.194403,11.793109,12.313003,12.724264,13.914752,14.735001,17.742418,
13,L,920.5,0.0,3.130132,3.32778,NA,3.795232,4.242833,4.685903,5.279284,10.077783,11.153449,12.356179,13.977762,15.883946,17.696566,20.795734,22.385175,NA,23.078981,26.015605,28.834111,30.844969,31.688357,32.484512,33.853472,34.113448,
14,R,993.0,0.0,0.145629,0.258354,NA,NA,NA,0.852004,1.059177,NA,1.380316,1.592612,1.907767,2.196014,3.633076,4.379693,6.091447,7.981223,9.09476,10.746452,13.423388,14.618735,15.889692,16.146898,16.855229,17.709601,
15,L,1064.8,0.0,0.016583,0.135391,0.256333,0.380149,NA,0.928556,1.255522,1.333813,1.743673,2.156371,2.63397,3.365241,3.889262,4.72485,6.145876,NA,NA,NA,NA,16.259788,16.262397,NA,16.252887,16.243316,
START_TIME,1585599942.0,
END_TIME,1585601077.0,
TOTAL_TIME,1135.0