BURST_NUMBER,ORIENTATION,START_TIME,Gate0,Gate1,Gate2,Gate3,Gate4,Gate5,Gate6,Gate7,Gate8,Gate9,Gate10,Gate11,Gate12,Gate13,Gate14,Gate15,Gate16,Gate17,Gate18,Gate19,Gate20,Gate21,Gate22,Gate23,Gate24,
1,R,88.6,0.0,0.08348,0.168735,0.349625,0.51962,0.992009,1.514047,2.249534,2.666756,3.431222,7.559528,11.149109,11.886812,12.894342,15.458299,15.546122,16.461511,17.085014,19.306896,19.518292,20.222914,20.909093,21.25522,22.3915,22.968636,
2,L,156.6,0.0,0.448277,0.862295,NA,1.585778,2.378332,NA,NA,5.281355,NA,9.481622,NA,11.269602,21.300286,21.821185,22.240053,NA,22.479482,30.732067,30.942998,31.731677,32.159172,37.749601,NA,38.158423,
3,R,228.3,0.0,0.249841,0.401,0.690076,1.34388,10.64127,NA,NA,NA,NA,NA,NA,NA,NA,NA,NA,NA,NA,NA,NA,NA,NA,NA,NA,18.263516,
4,R,313.7,0.0,0.062801,NA,NA,0.209598,0.343721,0.457124,NA,NA,NA,NA,NA,NA,NA,NA,NA,NA,8.632117,8.826216,10.204162,11.999738,12.853905,13.151201,13.771913,15.23924,
5,L,388.1,0.0,NA,0.771076,NA,NA,NA,NA,NA,11.474594,14.764549,15.374129,16.960179,18.786347,19.656657,21.290717,26.047956,NA,26.072898,30.492138,34.23975,39.996232,40.440299,40.978157,44.658872,44.809082,
6,R,446.5,NA,NA,0.0,NA,0.103663,0.229335,0.349951,NA,NA,NA,NA,NA,1.378372,1.916176,2.823246,3.671563,4.537939,5.674032,6.474562,7.61161,10.06178,10.81606,11.188498,12.840046,13.955549,
7,L,514.6,0.0,0.273255,0.807139,NA,9.680891,10.499757,11.951368,16.566568,16.980346,17.589795,18.305955,19.034418,19.411549,19.823314,20.375402,21.303762,22.739204,23.081462,23.570561,24.098719,25.606381,26.378326,26.4964,27.084207,27.587806,
8,R,589.5,0.0,0.270083,0.363982,0.411275,NA,NA,0.707072,0.834625,NA,1.085962,1.261771,NA,NA,NA,1.9526,2.115739,2.338704,NA,NA,NA,3.488712,NA,3.854727,NA,4.093348,
9,L,661.5,0.0,0.229236,0.505761,NA,0.840448,1.265796,2.019015,2.225179,3.149098,13.270834,14.049683,15.344821,NA,NA,NA,NA,NA,17.656806,28.715093,31.078815,32.81642,33.833837,34.389414,35.191188,35.755699,
10,R,729.9,0.0,0.263532,0.692249,NA,1.412456,3.865956,5.691112,8.882757,10.996783,11.892491,13.670006,14.675412,17.795813,18.379865,18.839423,19.839124,21.972697,23.812116,26.49387,26.973305,27.908805,28.444483,28.631874,28.957945,29.58861,
11,L,800.9,0.0,5.948238,6.00954,6.048971,6.082221,6.162346,NA,NA,NA,NA,NA,NA,NA,NA,7.307399,7.448787,NA,7.949733,8.224008,8.606085,9.118089,9.526021,9.561478,10.10289,10.264964,
12,R,874.8,0.0,0.347353,0.784939,1.025159,1.563912,2.449881,6.181942,NA,NA,NA,NA,NA,NA,NA,NA,NA,NA,NA,NA,NA,NA,NA,7.350646,NA,7.388962,
13,R,945.9,0.0,0.525998,4.220443,4.537278,4.596253,4.758761,4.966506,5.360634,5.695374,6.137815,8.326682,10.877371,12.006552,14.148399,15.425937,17.302591,19.269508,22.511744,23.623035,25.570195,27.547418,31.298349,31.511864,34.34401,35.227031,
14,L,1021.8,0.0,0.079481,0.119926,NA,0.235601,NA,NA,NA,NA,NA,NA,NA,NA,NA,1.878856,NA,NA,NA,2.971544,3.335221,3.928342,NA,5.722479,6.331803,6.505495,
15,R,1138.3,0.0,0.058465,0.086416,0.138641,0.213247,NA,0.62196,0.84055,NA,NA,NA,NA,NA,NA,NA,NA,NA,NA,NA,NA,NA,NA,NA,NA,7.348195,
START_TIME,1585614594.0,
END_TIME,1585615748.0,
TOTAL_TIME,1153.4