BURST_NUMBER,ORIENTATION,START_TIME,Gate0,Gate1,Gate2,Gate3,Gate4,Gate5,Gate6,Gate7,Gate8,Gate9,Gate10,Gate11,Gate12,Gate13,Gate14,Gate15,Gate16,Gate17,Gate18,Gate19,Gate20,Gate21,Gate22,Gate23,Gate24,
1,L,66.4,0.0,0.201846,0.459212,0.69084,1.060373,NA,2.230555,2.607735,3.350262,NA,NA,5.917754,6.409981,7.252059,8.12201,9.46872,NA,11.007233,11.507948,12.089343,13.06502,18.91621,19.230995,19.458255,19.537612,
2,R,154.8,0.0,0.275366,0.653158,1.664477,2.838167,3.449314,3.974736,4.427511,4.808122,5.095455,5.466376,5.927129,6.645578,7.063472,8.002072,9.018007,9.866559,13.509888,14.651114,15.336112,15.941274,16.340189,NA,16.472835,16.623258,
3,L,200.7,0.0,3.848298,4.500627,NA,5.087041,5.83578,6.606987,7.656935,8.268055,NA,9.391149,9.931504,10.601131,11.163786,11.569787,12.229206,NA,13.366265,13.90668,14.677124,15.285523,15.874049,15.969262,17.204104,17.352467,
4,R,279.2,0.0,0.624848,0.747987,0.998458,1.402849,2.394462,3.092161,3.732922,NA,4.768541,5.424225,5.861668,6.327382,6.808331,NA,8.399474,11.298488,11.80251,12.270839,12.728545,13.493019,13.746373,13.763685,14.074951,14.239377,
5,L,336.7,0.0,0.24256,1.12988,1.668393,2.158413,2.49673,NA,NA,NA,6.960647,7.41662,NA,8.890291,10.014993,11.15823,12.488724,NA,13.221124,13.682032,14.307587,14.816513,16.358794,20.996232,22.332295,24.013757,
6,R,440.9,0.0,0.077204,0.286629,0.440245,0.676357,1.195326,1.675369,2.107465,NA,NA,3.274832,3.607457,3.896256,4.300875,4.60812,5.005194,5.331237,5.714006,6.453108,8.262872,9.548501,10.390279,10.423556,10.887316,11.926565,
7,L,487.7,0.0,NA,0.570949,0.770881,1.052356,1.563241,1.822559,1.986505,2.382239,2.773185,3.399306,4.000884,4.541392,5.020874,5.380643,6.038713,6.563554,7.036307,7.497458,8.056198,8.569007,8.883618,8.898997,12.062235,12.255477,
8,R,557.4,0.0,0.126714,0.632797,0.794634,0.950145,1.243469,1.57727,1.937545,2.27338,2.784076,3.214084,3.380128,NA,4.051075,4.460451,5.150626,NA,6.183793,6.604732,7.093639,7.525824,7.717681,8.206266,12.594646,13.030844,
9,L,621.9,0.0,0.142131,0.541824,0.774694,NA,NA,1.868537,2.062515,2.350914,2.618966,2.875068,3.185556,3.587906,3.924092,NA,NA,NA,5.334243,5.646434,6.068276,6.373187,6.639572,6.699733,7.060277,7.132335,
10,R,700.4,0.0,0.202704,0.518601,0.724327,0.948551,1.510194,1.968453,2.107181,NA,2.660888,2.912205,3.260045,3.809613,NA,4.785229,6.007083,6.893942,7.652014,8.25351,NA,NA,NA,NA,NA,25.726755,
11,R,794.1,0.0,NA,0.219964,0.289915,0.532322,0.895322,1.312457,1.495002,1.672836,1.858425,2.097024,2.344784,NA,3.074556,3.996769,4.916078,5.657405,6.384051,7.082394,7.595537,8.857205,9.269921,12.324634,12.928784,13.013272,
12,L,867.4,0.0,0.08676,NA,NA,0.625364,0.970766,1.503527,1.944056,2.276736,NA,2.954497,NA,3.629201,3.815868,4.277699,4.734869,5.169175,5.417813,5.797204,6.249395,6.708912,7.039457,7.159172,7.732413,7.802093,
13,R,936.0,0.0,0.051221,0.12914,0.1698,0.275422,0.395736,0.518748,0.678861,0.92312,1.352615,1.566672,1.950915,2.469542,2.738346,3.002407,3.42191,3.737353,4.082876,4.334177,4.673591,5.113897,NA,5.979461,9.202171,9.217694,
14,L,1007.8,0.0,0.049994,NA,NA,NA,NA,1.113457,1.325184,1.544668,1.87436,2.305153,NA,NA,3.53018,NA,4.158142,NA,4.828394,5.193986,5.889697,6.338404,6.796829,6.971193,7.579862,7.710356,
15,R,1081.8,0.0,0.236882,1.11635,1.235148,1.690034,2.079437,2.401658,2.636156,2.947736,3.071829,3.417896,NA,3.770759,4.100749,4.48113,5.453197,5.85281,7.368708,8.479729,9.415491,10.511552,10.94325,12.102046,15.376072,15.679596,
16,L,1165.4,0.0,0.28343,NA,NA,NA,NA,NA,1.452246,1.587734,1.822938,2.087876,2.332052,2.64618,3.665555,3.902308,4.525942,5.16587,5.469677,5.974656,6.858332,9.488875,9.961777,10.362021,11.09031,11.122167,
17,R,1240.8,0.0,0.069493,NA,0.209862,0.324811,0.647866,0.985438,1.417019,1.846264,2.469819,2.915348,3.39488,3.803994,4.353565,4.876837,5.362536,5.84418,6.298381,6.785373,7.384608,7.982691,NA,8.594433,10.792741,11.437942,
18,L,1307.4,0.0,0.084348,0.87167,1.178648,2.382968,3.124099,3.808344,9.865272,NA,NA,NA,NA,NA,NA,NA,NA,NA,NA,NA,NA,NA,NA,NA,NA,22.513691,
START_TIME,1585610434.0,
END_TIME,1585611792.0,
TOTAL_TIME,1357.3