BURST_NUMBER,ORIENTATION,START_TIME,Gate0,Gate1,Gate2,Gate3,Gate4,Gate5,Gate6,Gate7,Gate8,Gate9,Gate10,Gate11,Gate12,Gate13,Gate14,Gate15,Gate16,Gate17,Gate18,Gate19,Gate20,Gate21,Gate22,Gate23,Gate24,
1,L,20.3,0.0,NA,NA,NA,NA,NA,NA,NA,0.088452,NA,NA,NA,NA,NA,-0.039091,NA,NA,-0.098117,NA,-0.15652,NA,-0.236759,NA,-0.31088,-0.332886,
2,R,42.5,0.0,0.143788,0.346914,0.486265,0.552716,0.793778,1.048188,1.328118,NA,2.298999,2.719613,3.327305,3.786068,4.31401,5.006306,NA,NA,6.908773,7.542471,NA,10.422542,NA,13.001268,NA,14.410993,
3,L,122.3,0.0,0.266869,1.145974,1.459835,1.676784,2.216415,2.76126,3.112445,3.620671,4.147183,4.528255,5.442811,6.519842,7.074916,7.603292,8.212847,9.629435,12.242712,14.27754,16.774866,18.844303,19.614723,20.615914,22.08513,22.409784,
4,R,195.3,0.0,0.055651,0.362611,0.489496,0.977387,1.838914,2.512976,3.180578,NA,5.46415,5.973159,6.960899,NA,NA,NA,NA,11.718909,NA,13.498022,17.587041,18.298018,19.130049,20.796073,21.710968,22.003881,
5,L,260.5,0.0,0.108007,0.213231,0.242953,0.398156,0.723443,1.058757,2.016128,2.285904,NA,NA,4.380255,4.887868,5.766268,6.261601,13.193281,13.806894,15.011885,17.070321,19.907543,21.77084,22.701259,22.897113,24.372581,24.650925,
6,R,335.9,0.0,0.157935,0.82523,1.089079,1.424163,3.161957,7.832309,9.00301,9.997081,10.980688,12.07049,12.712196,14.289102,16.003505,18.118587,24.847115,25.893782,26.220919,26.668237,27.192739,27.897346,28.603044,28.846434,29.68347,29.88742,
7,L,409.7,0.0,0.177882,0.493376,0.809108,1.199263,NA,1.818897,2.311751,3.11165,NA,3.963817,4.906841,7.073481,9.071412,13.252075,14.397855,16.389485,16.823102,17.816358,20.696614,21.739358,23.464634,23.62399,24.364804,24.701687,
8,R,474.9,0.0,0.33215,0.540903,0.689886,0.931625,1.432122,1.937745,2.451327,NA,3.358577,3.764209,4.354432,4.846162,5.539611,NA,9.3157,10.197057,11.403031,12.125098,13.420541,14.318175,14.726106,14.9378,17.280708,17.796174,
9,L,531.0,0.0,1.201336,1.469339,1.682466,2.064887,3.117255,NA,5.109817,6.546774,NA,NA,NA,NA,NA,NA,NA,NA,NA,NA,NA,12.423073,NA,12.516923,12.541864,12.566135,
10,L,603.3,0.0,2.009996,2.258842,2.556525,2.862821,3.70035,5.235278,6.242823,6.916481,NA,9.03583,14.526334,15.915865,17.392384,19.758012,21.116776,21.530538,22.207781,23.914073,25.377427,27.128333,28.017886,28.580876,32.128433,32.697982,
11,R,673.5,0.0,0.226171,0.431761,0.552826,0.754439,1.131652,1.683395,2.411006,NA,3.49779,3.921657,4.419977,4.880041,5.342826,NA,NA,6.914349,14.220709,15.306501,20.755271,21.329945,21.755361,21.980855,22.667606,23.03201,
12,L,740.2,0.0,0.129312,0.280635,0.322401,0.487345,0.962537,1.081826,1.524165,1.868202,2.014674,2.228189,2.483056,2.734169,2.997059,3.211587,3.41922,3.728851,4.152082,4.481544,4.841415,5.191821,5.481266,5.622433,6.422443,12.36268,
13,R,814.6,0.0,0.255686,0.580677,0.819484,1.190001,1.629146,2.362675,3.284305,4.041802,4.589935,5.145063,5.8008,6.630591,7.873893,9.244875,10.744621,13.899655,16.469818,19.486862,21.005379,22.374477,23.160869,23.514877,24.090932,24.536238,
14,L,901.0,0.0,0.092858,0.275282,0.404393,0.633447,0.906625,1.269521,1.622853,1.954154,2.313056,2.847153,3.37186,3.996289,NA,4.462918,4.905894,NA,5.807634,6.157059,6.809018,8.620854,17.989608,NA,-25.399993,20.594206,
15,R,951.0,0.0,NA,5.146159,5.61231,6.186235,6.929398,7.571346,8.172275,9.049123,9.76901,10.438724,11.124998,11.752056,14.279817,NA,NA,NA,NA,NA,NA,NA,20.136543,20.131098,20.144848,20.12467,
START_TIME,1585621005.0,
END_TIME,1585622172.0,
TOTAL_TIME,1167.7