BURST_NUMBER,ORIENTATION,START_TIME,Gate0,Gate1,Gate2,Gate3,Gate4,Gate5,Gate6,Gate7,Gate8,Gate9,Gate10,Gate11,Gate12,Gate13,Gate14,Gate15,Gate16,Gate17,Gate18,Gate19,Gate20,Gate21,Gate22,Gate23,Gate24,
1,L,22.3,0.0,0.126339,0.590099,0.826091,1.455314,NA,NA,NA,NA,NA,NA,NA,NA,NA,NA,NA,NA,NA,8.537209,8.597562,8.618531,8.663469,8.692031,8.722724,8.73769,
2,L,70.7,0.0,0.073335,0.115249,NA,0.421056,1.082212,1.689843,6.428992,NA,NA,NA,NA,NA,NA,NA,NA,NA,NA,6.296796,6.315179,6.365041,6.402849,6.438742,6.463866,6.494091,
3,R,142.6,0.0,0.252332,0.431315,0.541774,0.663583,0.844439,1.173009,1.484274,2.2529,3.182879,4.151558,12.500666,13.243456,14.131706,NA,17.632035,17.649622,17.665571,17.702634,17.756961,17.803555,17.872617,17.8699,17.908527,17.928923,
4,L,213.0,0.0,NA,0.234038,NA,0.520942,0.978825,1.453793,2.949865,3.509587,4.252061,7.393668,8.595605,9.534314,11.30685,11.832782,12.624839,14.177799,15.318143,15.679582,16.206096,17.203722,18.739835,20.52793,21.701681,24.254631,
5,R,294.9,0.0,NA,0.177879,0.275942,0.401654,0.791502,1.338778,NA,NA,NA,NA,NA,-7.661608,NA,NA,NA,NA,NA,NA,NA,11.256444,11.27479,11.261629,11.272089,11.252929,
6,R,395.9,0.0,0.114264,0.499539,0.697999,0.823777,1.781138,4.770071,5.751888,6.34152,6.875998,7.734179,9.181661,15.938275,17.477258,18.684367,19.514432,20.49744,21.173663,22.020459,23.218826,24.4328,25.593033,26.579928,27.166925,27.797371,
7,L,468.2,0.0,0.250706,0.307108,0.335025,0.388821,0.785014,1.160908,1.795344,2.036232,2.643464,3.72526,4.499224,5.392812,6.800959,9.575993,10.957187,11.874652,12.830522,13.702722,15.875847,17.343901,19.488747,19.841306,20.413777,20.772873,
8,R,546.3,0.0,0.019202,0.109455,0.105293,0.215801,0.678815,0.944918,1.390254,NA,NA,3.731611,4.768759,6.01257,9.086064,9.622454,10.276431,11.475964,12.747506,13.980504,14.784577,16.735378,18.083637,18.455459,21.062031,22.360031,
9,L,610.8,0.0,0.035854,0.16537,0.430278,0.826353,1.701151,NA,NA,NA,NA,NA,NA,NA,NA,NA,NA,NA,NA,14.634384,14.661757,14.719434,14.753866,14.778771,14.832002,14.878341,
10,L,679.2,0.0,0.194184,0.315556,0.641947,0.985161,1.239062,2.0705,8.010115,9.091269,10.292897,12.687357,12.83173,15.593991,17.024521,21.147765,22.754793,23.658377,24.535008,26.345873,28.502892,29.491736,29.800709,30.471879,32.014727,32.328141,
11,R,763.8,0.0,0.030901,0.139823,0.230925,0.394524,0.792154,1.097056,1.461423,NA,2.897923,5.097762,NA,NA,NA,NA,NA,NA,NA,NA,NA,NA,9.785699,NA,9.692389,9.711024,
12,R,820.7,0.0,0.124327,0.383209,NA,1.264285,1.667094,2.510059,3.128149,NA,5.656702,7.248444,8.436883,9.59069,10.951645,13.129931,15.784265,17.512522,22.535722,23.731335,24.66188,26.532009,26.701172,26.80043,27.082614,27.280179,
13,L,885.6,0.0,0.057454,0.159325,NA,0.281096,NA,0.552713,0.832742,1.316277,1.59147,1.935929,2.324463,2.69232,NA,3.929395,4.620241,NA,5.981492,6.626374,7.505979,8.360409,9.329631,9.575011,11.226585,11.191251,
14,R,958.7,0.0,0.204736,0.483221,0.669869,1.157396,2.306172,NA,NA,NA,NA,NA,NA,NA,NA,NA,NA,NA,NA,NA,8.776445,8.806782,8.842788,8.87876,8.912743,8.957902,
15,R,1025.3,0.0,0.042467,0.123596,0.116155,0.221081,0.67091,1.209107,NA,NA,NA,NA,NA,NA,NA,NA,NA,NA,NA,NA,NA,6.025734,6.060113,6.045698,6.04277,6.039097,
START_TIME,1585617899.0,
END_TIME,1585619093.0,
TOTAL_TIME,1194.5