BURST_NUMBER,ORIENTATION,START_TIME,Gate0,Gate1,Gate2,Gate3,Gate4,Gate5,Gate6,Gate7,Gate8,Gate9,Gate10,Gate11,Gate12,Gate13,Gate14,Gate15,Gate16,Gate17,Gate18,Gate19,Gate20,Gate21,Gate22,Gate23,Gate24,
1,R,108.7,0.0,0.037739,0.098353,0.133271,0.254107,0.358238,0.49283,0.614321,0.721913,0.815615,1.651393,3.20657,3.713649,4.382093,4.844979,5.155102,5.398082,5.663429,6.0175,6.270842,6.58718,11.377906,13.117194,13.643734,13.754548,
2,L,182.4,0.0,NA,0.094741,0.136718,0.253173,0.415027,0.905088,1.178073,1.411049,1.703779,1.969264,2.191624,NA,NA,3.865309,11.313521,13.089217,14.420795,NA,NA,NA,-1.482086,NA,-1.799933,17.883776,
3,R,260.8,0.0,0.043919,0.124722,0.169197,0.250912,0.467507,0.668432,0.863354,1.126204,1.347121,1.581907,NA,NA,2.834573,3.766076,4.714882,NA,6.033003,6.868457,10.335497,13.088586,NA,13.717017,13.837547,13.968331,
4,L,323.4,0.0,0.01428,NA,NA,0.369586,NA,0.875389,1.104771,NA,2.22338,2.486918,3.161235,3.931127,NA,5.833076,7.006053,NA,NA,11.642678,18.390016,19.504092,20.138879,20.464516,20.559602,20.615063,
5,R,400.7,0.0,0.32243,2.300049,3.416413,7.36234,NA,NA,NA,NA,NA,NA,NA,NA,NA,NA,NA,NA,NA,NA,NA,NA,14.712794,NA,14.631933,14.596923,
6,L,468.0,NA,NA,NA,NA,NA,NA,NA,NA,NA,NA,NA,NA,NA,NA,NA,NA,NA,0.0,NA,NA,NA,-0.902008,NA,-1.026589,-1.086057,
7,L,542.6,0.0,0.319877,0.790356,1.287989,1.95336,6.970338,NA,NA,NA,NA,NA,NA,NA,NA,NA,NA,NA,NA,NA,15.338659,15.363846,15.391138,15.417551,15.440487,15.447713,
8,L,622.5,0.0,0.070498,0.223245,0.330786,0.513342,0.840631,NA,1.656067,2.299843,3.019578,5.044716,5.587245,6.39654,8.528554,15.467302,16.897137,18.682935,19.824001,20.338271,20.778549,21.548162,23.134968,NA,-3.009392,26.652848,
9,R,691.8,NA,NA,NA,NA,NA,NA,NA,0.0,NA,1.084538,1.618434,2.300426,3.548283,5.760931,11.89547,12.345207,13.046056,14.019094,15.05865,17.071139,19.261781,20.154079,20.828115,21.588032,21.965212,
10,L,776.7,0.0,37.364289,37.470652,37.568873,37.762725,38.052549,38.378825,38.681514,38.905142,39.221307,NA,NA,41.204275,NA,43.063934,52.264653,53.08523,53.814313,56.366452,57.427384,58.901534,59.40059,59.777699,60.522344,61.064612,
11,R,863.6,NA,NA,0.0,0.029423,NA,NA,NA,0.768551,0.989717,1.201323,NA,NA,NA,2.86173,3.413829,4.113347,5.398614,6.212264,7.59306,19.632429,20.95491,21.519042,21.69908,22.063814,22.178508,
12,L,951.3,0.0,0.063848,0.163357,0.24434,0.418437,0.595432,0.796969,0.983745,1.151767,1.341369,1.5523,1.887398,2.214397,2.725764,3.265804,4.167312,5.749308,7.407619,9.305456,13.54419,14.732056,15.816708,17.821995,18.355098,18.931756,
13,R,1011.2,0.0,0.050892,0.151974,0.204139,0.396531,0.655189,0.855656,1.053461,1.279469,NA,NA,2.401786,3.765385,4.551576,5.304075,6.151828,7.058161,8.07699,9.580262,12.996669,15.16599,16.595248,16.72873,17.721606,19.132917,
14,L,1080.0,0.0,11.887696,11.965111,12.04122,12.15596,NA,12.551526,12.788687,12.988449,13.221859,13.414124,13.616144,13.817136,NA,14.501687,14.89582,15.519884,16.196217,16.925187,17.766268,23.588096,24.804642,25.179999,27.561034,28.111433,
15,R,1157.2,0.0,0.02061,0.142703,NA,NA,NA,NA,0.969886,1.406894,2.57555,4.432733,5.383209,NA,NA,NA,NA,NA,NA,NA,NA,8.054961,8.125684,8.156576,8.207712,8.242922,
START_TIME,1585590825.0,
END_TIME,1585591994.0,
TOTAL_TIME,1168.8