BURST_NUMBER,ORIENTATION,START_TIME,Gate0,Gate1,Gate2,Gate3,Gate4,Gate5,Gate6,Gate7,Gate8,Gate9,Gate10,Gate11,Gate12,Gate13,Gate14,Gate15,Gate16,Gate17,Gate18,Gate19,Gate20,Gate21,Gate22,Gate23,Gate24,
1,R,122.8,0.0,10.781664,10.889472,11.05248,11.214507,11.453287,11.651524,11.84146,NA,12.18938,12.372722,12.593345,12.728425,12.921219,13.198527,NA,13.644686,13.913479,14.137844,14.414803,14.927294,NA,15.687537,17.687564,17.981374,
2,L,213.8,0.0,NA,1.68788,NA,4.46768,6.048177,6.145091,6.246161,6.402182,NA,NA,NA,6.917341,7.17955,7.358574,NA,NA,8.140937,8.334996,8.669122,8.933577,NA,9.407907,10.713659,10.69689,
3,R,287.6,0.0,NA,0.126038,0.242106,0.316185,0.396123,0.531002,0.672776,NA,0.94163,1.029936,1.178996,1.320173,1.480659,NA,NA,2.092151,NA,2.514771,NA,3.052518,NA,3.841077,5.361982,5.557515,
4,L,354.3,0.0,0.419243,NA,NA,0.739711,0.899748,1.083899,1.310678,1.622463,NA,3.441735,5.238307,7.374747,7.476614,7.570738,7.666651,7.765931,7.858886,8.032554,8.313895,8.592572,8.908894,8.940658,NA,9.381064,
5,R,428.4,0.0,0.041283,0.123291,0.166665,0.242066,0.377167,0.550216,0.908701,NA,1.474946,1.71504,2.045283,2.27486,2.575952,2.915134,NA,NA,4.021117,NA,NA,7.078204,NA,8.84861,NA,9.979817,
6,L,500.8,0.0,0.086255,0.218978,NA,0.4539,0.690143,0.875646,1.049915,1.213547,NA,1.646801,1.793827,1.964941,2.144665,2.274623,2.493387,2.740167,2.983411,3.16626,5.540477,10.623046,11.337519,11.6364,12.221866,14.015937,
7,R,563.5,0.0,0.554989,0.761036,1.160857,1.379751,1.743737,2.016226,NA,NA,5.018175,5.8635,6.979697,7.519608,NA,11.936568,16.711783,17.484056,17.823905,18.010253,NA,18.702167,NA,21.11183,21.551052,21.679407,
8,L,635.0,0.0,7.636601,7.664075,7.70536,7.841558,NA,NA,NA,NA,NA,NA,NA,NA,NA,9.458603,10.125889,13.279313,20.598075,20.903835,21.494924,26.049245,27.734969,29.005789,30.510512,30.929248,
9,R,721.0,0.0,0.055637,0.128959,0.234868,0.365271,0.634343,0.860132,1.12209,NA,NA,1.5606,1.806391,NA,NA,NA,NA,2.820627,3.099926,3.386507,4.827324,6.610533,9.984837,10.46965,11.972739,13.047418,
10,L,783.2,0.0,0.177915,0.559729,0.728877,0.917045,NA,1.534642,1.683601,1.910714,NA,4.154765,5.078825,6.008908,8.894173,10.750299,12.74237,13.344057,14.5118,15.205251,15.935944,16.71095,17.317316,17.599549,17.908709,18.074459,
11,R,847.9,0.0,0.275909,0.417226,0.535724,0.680674,0.889173,1.052956,NA,NA,1.97162,2.700449,3.51112,4.039232,5.363155,18.994377,21.398037,22.126653,22.274403,22.512159,23.600337,24.450198,26.287368,26.639536,28.46988,28.734677,
12,L,918.8,0.0,NA,0.963748,1.083198,1.18206,1.379661,1.591683,NA,2.271683,4.598827,5.305557,6.067736,7.046711,8.59655,12.675551,13.204804,16.29553,17.623558,18.514965,18.986522,19.852639,22.743604,23.257924,25.294519,25.785185,
13,L,989.1,NA,NA,NA,NA,NA,NA,NA,NA,NA,NA,NA,NA,NA,NA,NA,NA,NA,0.0,NA,NA,NA,-0.44437,NA,-0.569035,-0.620128,
14,L,1058.9,0.0,0.214651,0.375664,0.549873,0.584671,0.837918,1.2959,1.761084,2.701178,12.067158,13.267346,13.783263,14.584186,16.304398,17.265859,18.139574,20.77822,25.004398,27.540272,28.410812,29.019197,31.01098,31.430154,31.772218,31.918795,
15,R,1128.6,0.0,0.037107,0.071462,0.127558,0.242446,0.467163,0.800467,1.107301,NA,1.624454,1.822856,2.044447,2.230355,2.446448,NA,NA,3.386794,5.794807,NA,NA,NA,NA,NA,6.075141,6.002087,
START_TIME,1585639328.0,
END_TIME,1585640499.0,
TOTAL_TIME,1171.2