BURST_NUMBER,ORIENTATION,START_TIME,Gate0,Gate1,Gate2,Gate3,Gate4,Gate5,Gate6,Gate7,Gate8,Gate9,Gate10,Gate11,Gate12,Gate13,Gate14,Gate15,Gate16,Gate17,Gate18,Gate19,Gate20,Gate21,Gate22,Gate23,Gate24,
1,R,41.1,0.0,0.012778,NA,0.269766,0.289271,0.454141,0.609317,NA,1.11965,1.387567,3.570039,5.193272,6.966618,8.225587,12.329004,12.892238,14.531614,16.23633,16.667662,18.179621,19.438784,21.635851,21.969601,22.790983,23.366289,
2,L,121.3,0.0,0.121798,0.290981,0.367361,0.437923,NA,1.010937,1.223534,1.495172,1.890136,2.370846,NA,NA,3.081833,3.234926,3.419891,3.636118,3.841333,3.998438,4.147032,4.396445,4.562223,4.676438,4.822396,4.922811,
3,R,190.3,0.0,0.063567,0.157413,0.178933,0.316105,0.669864,0.851555,0.991884,1.139873,NA,1.591124,1.737958,1.914368,2.150383,2.400193,NA,NA,3.190208,NA,3.82148,4.066799,4.459897,5.099664,9.440744,12.726377,
4,L,263.5,0.0,NA,NA,NA,1.196133,1.715987,NA,6.005434,NA,NA,NA,NA,NA,NA,NA,NA,NA,NA,NA,NA,16.954714,16.946806,16.965136,16.980162,17.007223,
5,L,335.5,0.0,0.319146,2.086341,7.997224,8.75609,NA,NA,NA,12.150556,17.017587,18.048981,18.720994,19.133355,20.371516,20.877204,21.255013,21.661176,22.119823,22.599245,23.389652,24.096589,24.878151,26.999163,27.458182,27.916484,
6,R,411.6,0.0,0.109898,0.250873,0.344915,0.670553,1.082889,1.411447,1.755036,2.021541,2.609489,3.163233,3.666899,3.954803,NA,4.438346,4.673448,4.878079,5.268387,8.797199,10.41414,11.749143,12.371885,13.725712,15.014908,15.971904,
7,L,481.7,0.0,0.039355,0.117848,0.229449,0.316361,0.590967,0.795208,0.912898,1.095598,1.318167,1.485264,1.824968,1.898247,2.108428,2.32658,2.589667,2.835278,3.102789,3.485934,4.418272,8.264724,8.939748,9.239238,9.768078,10.320087,
8,R,557.6,0.0,0.393181,0.607358,0.737412,1.002714,1.399539,2.314983,3.15123,9.148242,NA,NA,NA,NA,NA,NA,NA,NA,NA,NA,NA,11.906654,11.920011,11.943665,11.982815,11.994648,
9,R,656.8,0.0,0.096132,3.313763,3.413626,3.603369,3.88061,4.170566,4.335966,NA,5.069547,5.384171,5.666488,6.024964,6.379036,6.910085,7.430801,7.576396,7.928295,NA,8.508559,8.746507,8.928562,8.979121,9.226834,9.524234,
10,L,712.0,0.0,0.238983,0.449012,NA,0.742469,1.634403,2.011874,2.459052,2.795036,3.114926,3.463279,3.775472,4.187702,5.063973,10.712718,11.817359,12.343297,13.16887,14.377093,14.816047,15.59444,15.990173,16.271501,16.694589,16.918449,
11,R,779.3,NA,NA,NA,0.0,NA,0.813333,1.176269,NA,5.394551,NA,NA,NA,NA,NA,NA,NA,NA,NA,NA,NA,NA,NA,NA,14.927609,14.911771,
12,L,879.1,NA,NA,NA,NA,NA,NA,NA,NA,NA,NA,NA,NA,NA,NA,NA,NA,NA,0.0,NA,NA,NA,-0.698193,NA,-0.980115,-1.036374,
13,L,957.2,0.0,0.2058,0.844797,0.923076,1.166217,NA,1.710444,1.90785,2.111699,NA,2.787156,4.205172,4.62726,5.275313,5.691134,6.114583,6.487779,7.221604,10.833025,11.558094,14.27235,15.062457,15.546883,16.213398,16.490718,
14,R,1012.5,0.0,0.176908,0.394852,0.540816,0.720955,0.892281,1.105417,1.263321,1.489738,2.198066,8.726965,9.266315,11.122932,11.663057,11.928234,12.761028,14.576657,15.464714,16.393955,17.465008,17.79376,18.226434,18.319642,18.735551,18.820963,
15,L,1082.8,0.0,0.111716,0.381114,0.625904,1.157653,2.040707,2.976989,4.021235,6.070046,6.961134,7.708097,8.398348,9.481111,17.035489,17.783741,NA,NA,NA,NA,NA,NA,NA,NA,29.420953,29.428977,
START_TIME,1585587369.0,
END_TIME,1585588488.0,
TOTAL_TIME,1119.5