BURST_NUMBER,ORIENTATION,START_TIME,Gate0,Gate1,Gate2,Gate3,Gate4,Gate5,Gate6,Gate7,Gate8,Gate9,Gate10,Gate11,Gate12,Gate13,Gate14,Gate15,Gate16,Gate17,Gate18,Gate19,Gate20,Gate21,Gate22,Gate23,Gate24,
1,R,57.5,0.0,0.026348,0.146086,0.201383,0.433777,0.633694,1.442061,1.919038,2.378353,2.637898,2.992652,3.278898,3.722657,4.278099,7.108272,10.418396,11.298443,12.268549,13.336399,14.334065,15.170066,16.820283,16.987436,17.700774,17.91221,
2,L,143.7,0.0,4.322328,4.548698,4.655346,4.844328,5.036574,5.24757,5.452083,5.680883,5.91681,6.423054,6.638979,NA,NA,NA,NA,NA,NA,NA,NA,13.764958,13.819213,13.824135,13.859204,13.890865,
3,L,220.1,0.0,0.065568,0.223561,0.360012,0.539076,0.724257,0.953555,1.069007,1.23711,1.396962,1.697744,1.920498,5.27038,7.850094,7.933387,8.339281,9.193388,10.577422,12.068657,13.584868,14.933657,17.043574,17.892154,18.616564,18.83065,
4,R,305.3,0.0,NA,0.33157,NA,NA,0.821564,1.03865,1.26889,1.513383,NA,2.064706,2.353023,2.594801,NA,3.08956,3.337917,3.59452,4.510498,6.390306,10.891124,11.230265,12.715837,12.911897,13.294146,13.756968,
5,L,367.7,0.0,NA,0.177423,0.280861,0.440143,NA,0.75195,0.94202,1.15976,1.389445,1.620736,2.192931,2.808885,3.26073,NA,3.803805,4.159797,4.972325,6.052554,9.099859,11.516503,11.970623,12.232153,12.995863,13.188022,
6,R,439.4,0.0,NA,NA,0.398348,0.433137,NA,0.952719,1.111907,1.27374,1.433283,1.905668,2.298736,2.757449,3.164225,3.692471,5.26463,8.885933,9.726929,10.164733,11.083243,12.150755,13.465095,13.888635,NA,17.535841,
7,L,505.3,0.0,0.028861,NA,NA,NA,NA,NA,NA,1.084365,1.197828,1.347132,1.566437,1.78157,1.963405,2.109153,2.434589,NA,3.49139,3.849652,9.384204,10.445544,NA,11.31214,NA,11.985883,
8,R,571.0,0.0,NA,0.118609,NA,0.483608,0.581007,0.991379,1.483946,1.796737,2.605272,NA,NA,NA,NA,NA,NA,NA,NA,NA,9.711519,9.728177,9.759992,9.78085,9.817638,9.850198,
9,R,652.1,0.0,0.039675,0.081434,0.10814,0.187909,0.330325,0.586351,0.862042,NA,1.750067,NA,2.67237,4.122755,8.684198,9.041637,9.859068,10.734376,11.457806,12.912701,15.098088,16.857015,19.501277,20.367906,22.49677,23.167015,
10,L,723.3,0.0,0.037014,0.17162,NA,0.66828,0.808537,0.962009,1.122491,1.29353,1.461055,1.628431,1.77661,1.942171,2.14181,2.321652,2.501122,2.706013,2.933981,6.554306,7.419909,9.000031,9.598291,10.216611,10.801279,11.226584,
11,R,785.8,0.0,0.009419,0.084025,0.145165,0.245271,0.41756,0.628515,1.0324,NA,1.31256,1.490702,1.728772,2.070105,2.703461,3.865149,7.754431,10.066679,11.366503,13.858839,14.39431,17.435996,17.837544,18.04972,18.585021,19.044417,
12,L,868.3,0.0,0.830107,1.801808,2.805351,3.080323,4.908255,6.301982,NA,NA,NA,NA,NA,NA,NA,NA,NA,NA,NA,10.931005,10.939893,11.005757,11.04008,11.053855,11.106702,11.121184,
13,L,932.3,0.0,0.051087,0.111474,0.124178,0.202773,0.34606,0.51843,0.673356,0.817586,NA,1.191781,1.283937,1.487677,1.934665,2.935772,4.128709,8.606456,9.406741,NA,NA,NA,NA,10.120143,10.208173,10.180737,
14,R,1014.5,0.0,0.146499,0.387224,0.498078,0.720737,1.343712,2.998887,5.551172,7.632229,10.223338,12.300796,15.428552,15.896717,16.79538,18.626354,20.053576,21.872216,23.346993,24.055683,28.879387,30.914821,32.281296,32.880909,33.557829,33.678494,
15,L,1071.9,0.0,NA,0.653195,NA,0.765523,1.033874,1.188492,1.398802,NA,NA,NA,NA,2.494494,NA,2.759131,2.961335,NA,NA,3.62653,4.552968,NA,NA,6.984697,7.074992,7.157474,
START_TIME,1585601389.0,
END_TIME,1585602482.0,
TOTAL_TIME,1093.4