BURST_NUMBER,ORIENTATION,START_TIME,Gate0,Gate1,Gate2,Gate3,Gate4,Gate5,Gate6,Gate7,Gate8,Gate9,Gate10,Gate11,Gate12,Gate13,Gate14,Gate15,Gate16,Gate17,Gate18,Gate19,Gate20,Gate21,Gate22,Gate23,Gate24,
1,L,30.2,0.0,NA,0.921938,NA,1.036996,2.796044,3.598707,4.035912,4.56049,4.912621,5.372217,5.928982,6.671845,7.628305,8.349606,9.231548,9.78877,10.789764,NA,NA,11.739093,16.945533,17.151466,18.193462,20.328422,
2,R,107.2,0.0,0.036391,0.124232,0.155419,NA,0.585642,0.778259,0.981194,1.213106,1.441725,1.66394,NA,2.241718,2.95976,3.219932,4.004478,4.503515,4.771995,5.173683,5.781611,6.188129,NA,7.004109,7.528718,7.609209,
3,L,186.0,0.0,0.142871,0.334855,0.449763,0.63732,0.997403,1.344908,1.758592,2.207072,2.892956,NA,8.424675,8.488825,9.938044,11.664422,12.822254,13.507697,13.80275,14.324228,14.832177,15.066427,18.783661,18.959952,NA,20.200494,
4,R,248.6,0.0,0.030478,0.160547,0.249142,0.414447,NA,NA,1.55953,1.581179,1.814891,2.2475,4.06377,6.543041,7.238838,7.825441,8.302456,9.299546,10.8194,11.705222,12.879488,14.277614,14.9106,16.741974,NA,18.991804,
5,L,321.1,0.0,0.061694,0.106091,0.142747,0.225676,0.401514,0.729595,1.103675,1.614136,NA,NA,2.98044,NA,4.252313,5.076597,6.738215,7.455213,NA,NA,NA,7.961808,12.891505,13.123167,13.89595,14.251503,
6,R,393.9,0.0,0.061585,0.193362,0.428891,0.86283,1.545833,2.318584,4.590386,9.581586,10.709059,11.331241,11.892147,12.773058,15.362225,15.804079,16.38585,17.402297,18.423762,19.910241,22.466856,23.236449,23.677294,23.968992,26.394655,26.574647,
7,L,472.9,0.0,0.353966,0.409559,0.467237,0.590765,0.835061,1.263499,NA,1.71763,1.942887,2.17686,2.401325,2.716349,3.202956,NA,4.338952,4.790409,5.261968,6.158864,9.791119,13.442477,14.49336,14.792776,16.35607,16.996731,
8,R,551.7,0.0,0.401869,1.106538,7.170699,7.346155,7.563255,7.714699,8.109775,8.447463,8.778905,9.223663,9.615592,9.922657,10.188105,NA,NA,NA,NA,NA,NA,13.761376,19.101404,19.369939,NA,19.915352,
9,L,620.1,0.0,0.95508,0.989699,0.986493,1.02744,1.139957,NA,NA,1.829862,2.023739,2.162573,2.293617,2.411979,2.550518,2.680492,NA,NA,NA,3.221638,3.356508,3.47265,NA,3.694848,NA,3.874044,
10,R,686.0,0.0,0.040299,0.080641,0.14111,0.231778,0.330472,0.483421,0.664139,0.852389,1.030302,1.220267,1.524326,1.839078,NA,2.462686,2.644283,2.781238,2.953,3.129935,3.648549,8.924841,9.43293,10.04004,NA,10.812181,
11,L,758.7,0.0,NA,NA,0.462601,0.470018,0.605758,0.932661,NA,NA,1.665555,1.835941,1.975818,2.15983,NA,2.492556,2.813025,6.502052,8.115942,NA,NA,9.879888,14.112068,15.668612,16.315458,16.538766,
12,R,823.2,0.0,NA,0.101528,NA,0.311418,0.583188,0.807552,0.922031,1.095087,NA,1.409994,NA,NA,NA,NA,NA,2.469573,2.694874,6.162137,6.654225,7.030904,7.363756,7.563445,NA,8.20985,
13,L,896.1,0.0,0.525154,0.641575,0.730126,0.95277,1.297895,NA,1.933511,2.787954,6.116717,7.333992,8.347607,9.322477,12.757916,13.733112,15.17493,NA,NA,NA,NA,8.598354,32.103089,32.617258,34.427842,35.678083,
14,R,965.9,0.0,NA,0.280004,NA,0.586954,NA,0.962171,NA,NA,NA,1.483422,NA,NA,NA,NA,2.702085,3.026016,6.371204,7.851917,9.118912,9.613146,11.573358,11.686738,12.44273,13.250927,
15,L,1044.0,0.0,5.320135,5.519883,5.721578,6.121691,NA,15.330515,NA,15.607249,15.768153,15.949627,16.115285,NA,16.673776,17.969882,NA,19.303889,19.325022,19.367406,19.429601,19.49809,19.517985,19.539874,19.570761,19.589497,
START_TIME,1585636290.0,
END_TIME,1585637390.0,
TOTAL_TIME,1099.6