BURST_NUMBER,ORIENTATION,START_TIME,Gate0,Gate1,Gate2,Gate3,Gate4,Gate5,Gate6,Gate7,Gate8,Gate9,Gate10,Gate11,Gate12,Gate13,Gate14,Gate15,Gate16,Gate17,Gate18,Gate19,Gate20,Gate21,Gate22,Gate23,Gate24,
1,R,61.3,0.0,0.042766,0.105325,0.160887,0.226237,NA,0.505438,0.653069,NA,1.000223,1.174054,1.387434,NA,1.878121,2.102435,NA,NA,NA,3.058868,3.352001,3.539294,3.701363,3.831962,4.087089,4.648013,
2,L,125.1,0.0,NA,1.8627,NA,6.847141,6.981704,7.076141,7.213619,7.342465,7.47962,NA,NA,NA,NA,8.472263,8.713204,NA,9.046661,9.305381,9.772455,10.009602,10.82439,12.218449,12.92568,13.549788,
3,R,213.2,NA,NA,NA,NA,0.0,0.115037,0.270667,0.444914,0.589653,0.843448,1.005355,1.241447,NA,NA,NA,NA,2.037397,2.204424,NA,NA,2.727789,NA,3.059432,NA,3.48368,
4,L,302.2,0.0,0.491871,0.564654,NA,0.797882,1.072853,1.746537,2.084398,2.423236,NA,3.190801,3.536767,4.11763,4.701037,5.362494,9.324677,9.717663,10.058014,10.822263,15.345933,17.493969,18.849286,19.064286,19.398963,19.739919,
5,R,356.8,NA,NA,NA,NA,NA,0.0,0.19539,0.375897,NA,NA,0.776262,NA,NA,NA,1.437655,NA,1.748215,1.920528,2.165824,2.490006,2.605567,NA,2.892417,3.158632,3.178791,
6,L,431.8,0.0,NA,2.574516,NA,2.704437,NA,NA,NA,3.39516,NA,NA,NA,NA,4.333253,4.499773,4.843042,5.356912,6.633807,9.331855,10.014751,10.45262,11.875537,11.92575,14.754775,16.703858,
7,R,503.1,0.0,1.24153,7.983994,8.350758,8.985365,9.565268,10.002854,10.254967,NA,10.57828,10.71552,10.963568,13.506097,19.534837,19.697292,19.85073,20.032656,20.269653,20.598574,NA,21.029115,NA,21.241172,NA,21.418729,
8,L,573.9,0.0,0.495647,0.557305,NA,0.701866,0.85086,0.985079,1.180754,1.546044,NA,NA,NA,NA,NA,2.514362,NA,NA,2.99442,3.132574,3.382988,3.795783,5.568903,6.030081,6.966825,7.405863,
9,R,641.2,0.0,2.901233,3.007888,3.090798,3.211598,3.49819,3.776143,4.210934,NA,5.637597,6.238972,12.774166,12.972481,13.232303,13.429473,NA,13.884981,NA,NA,14.715894,15.38386,NA,19.289276,20.006214,20.482247,
10,L,709.7,0.0,0.623433,0.683221,0.706248,0.802956,0.985686,1.16657,1.399193,1.554137,NA,NA,NA,NA,2.279664,2.368921,2.590235,NA,3.096569,3.42243,5.466504,9.423575,10.430971,11.121153,11.370253,11.545247,
11,R,783.7,0.0,0.361057,0.437047,0.488457,0.62909,0.806388,0.999479,1.171568,1.335116,1.531825,1.766317,NA,NA,NA,NA,NA,NA,NA,NA,NA,3.735109,NA,4.996994,7.677862,7.870313,
12,L,873.8,0.0,1.118968,1.742843,NA,2.676407,3.298393,4.207534,5.416839,6.801941,7.467919,NA,11.546947,12.947107,13.704242,14.568092,15.456143,16.273787,18.865931,21.173366,22.273985,23.490021,24.072404,24.498349,24.684298,24.814043,
13,R,920.7,0.0,0.709128,0.786459,0.837558,0.899925,1.100956,1.267477,1.446431,NA,NA,1.819766,2.020382,NA,NA,NA,NA,NA,3.216232,3.441413,4.135426,8.61014,8.821732,8.902746,9.116575,9.184107,
14,L,988.6,0.0,0.906376,2.513304,2.927931,4.473282,NA,7.272649,7.547009,7.891367,NA,NA,NA,NA,9.351907,9.666262,10.130314,NA,11.463647,18.425468,18.964718,19.736982,20.233175,20.353765,22.534776,23.520274,
15,R,1058.8,0.0,0.049423,0.159074,0.216516,0.362486,0.568975,0.735554,0.899288,NA,1.263527,1.394016,NA,NA,NA,NA,NA,2.402947,NA,2.801804,3.159159,3.34881,NA,3.969474,4.603804,4.707487,
START_TIME,1585637861.0,
END_TIME,1585638935.0,
TOTAL_TIME,1073.7