BURST_NUMBER,ORIENTATION,START_TIME,Gate0,Gate1,Gate2,Gate3,Gate4,Gate5,Gate6,Gate7,Gate8,Gate9,Gate10,Gate11,Gate12,Gate13,Gate14,Gate15,Gate16,Gate17,Gate18,Gate19,Gate20,Gate21,Gate22,Gate23,Gate24,
1,L,14.7,0.0,0.797606,0.997251,NA,1.291078,1.680402,2.049741,2.314659,2.578857,2.892212,3.156807,3.57148,3.983989,4.439579,4.955625,5.71901,16.847747,NA,NA,NA,19.322486,19.326366,NA,11.903898,19.378784,
2,R,86.5,0.0,NA,0.190345,0.233354,0.614187,1.389262,2.661534,3.857612,NA,NA,NA,NA,NA,NA,NA,NA,NA,NA,NA,NA,NA,8.6944,NA,8.68819,8.662312,
3,R,152.6,0.0,NA,0.409891,0.611155,1.794349,3.149364,6.178368,8.595419,9.516259,11.774887,12.300319,12.60814,13.339913,14.789427,15.305226,16.102952,18.399474,19.669242,21.095265,24.042142,25.445283,26.385361,27.314066,27.848358,28.30472,
4,L,224.3,0.0,0.006854,0.127489,0.495607,0.779393,1.488222,2.331088,6.173695,6.49813,NA,NA,NA,NA,NA,NA,NA,NA,NA,NA,8.077211,8.118303,8.142025,8.16532,NA,8.229873,
5,L,293.2,0.0,NA,0.151143,NA,0.373833,0.589884,0.891242,1.671468,5.12267,6.216034,9.798219,11.01686,11.943349,13.321318,15.295756,16.292429,17.654485,21.66829,25.917407,26.536392,26.929363,27.397796,27.723257,NA,32.833044,
6,R,365.4,0.0,NA,0.26296,0.37259,0.707916,1.923832,3.699417,NA,6.292688,NA,NA,NA,NA,NA,NA,NA,NA,NA,NA,NA,7.457048,7.497313,7.478798,7.483507,7.49156,
7,R,434.3,0.0,NA,0.074652,0.138429,0.276899,0.952734,1.66337,2.699586,6.063972,7.445168,10.271125,11.081983,13.066372,14.644817,15.752635,17.1727,18.438559,22.0176,22.807661,25.208049,27.545611,28.700943,29.525458,30.678774,30.859386,
8,L,504.2,0.0,0.840853,0.898017,0.991054,1.212069,1.842465,3.057637,NA,NA,NA,NA,NA,NA,NA,NA,NA,NA,NA,NA,NA,NA,4.792815,NA,4.75801,4.763841,
9,L,578.2,0.0,0.037589,0.292352,0.828581,1.4196,5.047505,8.673847,9.052964,10.049174,12.555743,13.690855,17.216603,23.070769,25.071947,25.385201,25.572595,27.142413,29.087192,30.569897,34.074947,35.722695,36.578201,36.863275,NA,39.368631,
10,R,770.9,0.0,NA,0.161833,0.141504,0.189805,0.487695,0.99976,1.811742,4.187514,8.04963,9.057458,15.054351,15.372752,16.665455,18.752947,19.320681,20.095558,20.835175,21.826742,22.889341,23.982623,25.145982,25.343179,26.266122,26.574106,
11,L,837.9,0.0,6.77097,8.033309,10.516238,11.967719,17.998791,NA,NA,NA,NA,NA,NA,NA,NA,NA,NA,NA,NA,NA,NA,NA,24.581618,24.558784,24.597214,24.587069,
12,L,913.7,0.0,1.460279,7.696684,7.839248,8.107971,8.624409,9.342493,13.208814,15.690172,NA,NA,NA,NA,NA,NA,NA,NA,NA,NA,19.600299,19.636936,19.656083,19.646837,NA,19.69815,
13,R,995.2,0.0,NA,0.505682,0.675935,0.94123,1.386898,1.722643,2.405888,3.267022,5.84137,11.309613,12.130917,15.221364,17.876839,18.97742,22.50659,NA,NA,NA,NA,31.399998,31.506234,NA,31.393995,31.347229,
14,L,1068.2,0.0,0.674291,0.911277,1.401443,2.195973,7.056421,7.746405,9.23305,13.175746,14.141038,17.9745,19.865562,41.025833,41.612982,45.773302,46.109037,46.396854,46.618762,46.847648,47.285788,60.374415,60.827135,61.081144,NA,62.484007,
15,R,1150.3,0.0,NA,1.60363,1.897806,2.390884,3.125862,4.986115,11.095974,11.578964,12.972974,13.431417,14.14294,15.210097,22.35714,25.120509,30.959587,NA,NA,NA,NA,31.255452,31.262763,31.249268,31.243522,31.25299,
START_TIME,1585627300.0,
END_TIME,1585628500.0,
TOTAL_TIME,1200.1